320
240
1
1820
5
5
5
5
1820
5
5
5
5
1820
5
5
5
5
1820
5
5
5
5
1820
5
5
5
5
1820
5
5
5
5
1820
5
5
5
5
1820
5
5
5
5
1820
5
5
5
5
1820
5
5
5
5
1820
5
5
5
5
1820
5
5
5
5
1820
5
5
5
5
1820
5
5
5
5
1820
5
5
5
5
1820
5
5
5
5
1820
5
5
5
5
1820
5
5
5
5
1820
5
5
5
5
1820
5
5
5
5
1820
5
5
5
5
1820
5
5
5
5
1820
5
5
5
5
1820
5
5
5
5
1820
5
5
5
5
1820
5
5
5
5
1820
5
5
5
5
1820
5
5
5
5
1820
5
5
5
5
1820
5
5
5
5
1820
5
5
5
5
1820
5
5
5
5
1830
5
5
5
5
1826
5
5
5
5
1826
5
5
5
5
1826
5
5
5
5
1826
5
5
5
5
1826
5
5
5
5
1826
5
5
5
5
1826
5
5
5
5
1826
5
5
5
5
1826
5
5
5
5
1835
5
5
5
5
1820
5
5
5
5
1820
5
5
5
5
1820
5
5
5
5
1820
5
5
5
5
1822
5
5
5
5
1831
5
5
5
2
1827
5
2
5
2
1827
5
2
5
2
1827
5
2
5
2
1827
5
2
5
2
1827
5
2
5
2
1827
5
2
5
2
1827
5
2
5
2
1834
5
2
5
5
1825
5
5
5
5
1820
5
5
5
5
1820
5
5
5
5
1820
5
5
5
5
1820
5
5
5
5
1822
5
5
5
5
1823
5
5
2
2
1812
5
5
5
5
282
2
2
2
2
282
2
2
2
2
282
2
2
2
2
282
2
2
2
2
282
2
2
2
2
282
2
2
2
2
1824
2
2
5
5
1840
5
5
5
5
1826
5
5
5
5
1835
5
5
5
5
1820
5
5
5
5
1820
5
5
5
5
1822
5
5
5
5
1823
5
5
2
2
282
2
2
2
2
282
2
2
2
2
282
2
2
2
2
282
2
2
2
2
282
2
2
2
2
282
2
2
2
2
282
2
2
2
2
1841
2
2
5
2
1827
5
2
5
2
1834
5
2
5
5
1825
5
5
5
5
1820
5
5
5
5
1820
5
5
5
5
1822
5
5
5
5
1823
5
5
2
2
282
2
2
2
2
282
2
2
2
2
282
2
2
2
2
282
2
2
2
2
282
2
2
2
2
282
2
2
2
2
282
2
2
2
2
282
2
2
2
2
282
2
2
2
2
1824
2
2
5
5
1825
5
5
5
5
1820
5
5
5
5
1820
5
5
5
5
1822
5
5
5
5
1823
5
5
2
2
2690
7
7
7
7
2693
7
7
7
7
2693
7
7
7
7
2696
7
7
7
7
282
2
2
2
2
282
2
2
2
2
282
2
2
2
2
282
2
2
2
2
282
2
2
2
2
1824
2
2
5
5
1825
5
5
5
5
1820
5
5
5
5
1820
5
5
5
5
1822
5
5
5
5
1823
5
5
2
2
2691
7
7
7
7
2694
7
7
7
7
2694
7
7
7
7
2697
7
7
7
7
282
2
2
2
2
282
2
2
2
2
282
2
2
2
2
282
2
2
2
2
282
2
2
2
2
1824
2
2
5
5
1825
5
5
5
5
1820
5
5
5
5
1820
5
5
5
5
1822
5
5
5
5
1823
5
5
2
2
2691
7
7
7
7
2694
7
7
7
7
2694
7
7
7
7
2697
7
7
7
7
282
2
2
2
2
282
2
2
2
2
282
2
2
2
2
282
2
2
2
2
282
2
2
2
2
1874
2
2
5
2
1876
5
2
5
2
1820
5
5
5
5
1820
5
5
5
5
1822
5
5
5
5
1823
5
5
2
2
2691
7
7
7
7
2694
7
7
7
7
2694
7
7
7
7
2697
7
7
7
7
282
2
2
2
2
282
2
2
2
2
282
2
2
2
2
282
2
2
2
2
282
2
2
2
2
1875
2
2
2
5
1877
2
5
2
5
1820
5
5
5
5
1820
5
5
5
5
1822
5
5
5
5
1823
5
5
2
2
2691
7
7
7
7
2694
7
7
7
7
2694
7
7
7
7
2697
7
7
7
7
282
2
2
2
2
282
2
2
2
2
282
2
2
2
2
282
2
2
2
2
282
2
2
2
2
1824
2
2
5
5
1825
5
5
5
5
1820
5
5
5
5
1820
5
5
5
5
1822
5
5
5
5
1823
5
5
2
2
2692
7
7
7
7
2695
7
7
7
7
2695
7
7
7
7
2698
7
7
7
7
282
2
2
2
2
282
2
2
2
2
282
2
2
2
2
282
2
2
2
2
282
2
2
2
2
1824
2
2
5
5
1825
5
5
5
5
1820
5
5
5
5
1820
5
5
5
5
1822
5
5
5
5
1823
5
5
2
2
282
2
2
2
2
282
2
2
2
2
282
2
2
2
2
282
2
2
2
2
282
2
2
2
2
282
2
2
2
2
282
2
2
2
2
282
2
2
2
2
282
2
2
2
2
1824
2
2
5
5
1825
5
5
5
5
1820
5
5
5
5
1820
5
5
5
5
1822
5
5
5
5
1823
5
5
2
2
282
2
2
2
2
282
2
2
2
2
282
2
2
2
2
282
2
2
2
2
282
2
2
2
2
282
2
2
2
2
282
2
2
2
2
1838
2
2
2
5
1828
2
5
2
5
1836
2
5
5
5
1825
5
5
5
5
1820
5
5
5
5
1820
5
5
5
5
1822
5
5
5
5
1823
5
5
2
2
1812
5
5
5
5
282
2
2
2
2
282
2
2
2
2
282
2
2
2
2
282
2
2
2
2
282
2
2
2
2
282
2
2
2
2
1824
2
2
5
5
1839
5
5
5
5
1829
5
5
5
5
1837
5
5
5
5
1820
5
5
5
5
1820
5
5
5
5
1822
5
5
5
5
1833
5
5
2
5
1828
2
5
2
5
1828
2
5
2
5
1828
2
5
2
5
1828
2
5
2
5
1828
2
5
2
5
1828
2
5
2
5
1828
2
5
2
5
1836
2
5
5
5
1825
5
5
5
5
1820
5
5
5
5
1820
5
5
5
5
1820
5
5
5
5
1820
5
5
5
5
1832
5
5
5
5
1829
5
5
5
5
1829
5
5
5
5
1829
5
5
5
5
1829
5
5
5
5
1829
5
5
5
5
1829
5
5
5
5
1829
5
5
5
5
1829
5
5
5
5
1829
5
5
5
5
1837
5
5
5
5
1820
5
5
5
5
1820
5
5
5
5
1820
5
5
5
5
1820
5
5
5
5
1820
5
5
5
5
1820
5
5
5
5
1820
5
5
5
5
1820
5
5
5
5
1820
5
5
5
5
1820
5
5
5
5
1820
5
5
5
5
1820
5
5
5
5
1820
5
5
5
5
1820
5
5
5
5
1820
5
5
5
5
1820
5
5
5
5
1820
5
5
5
5
1820
5
5
5
5
1820
5
5
5
5
1820
5
5
5
5
1820
5
5
5
5
1820
5
5
5
5
1820
5
5
5
5
1820
5
5
5
5
1820
5
5
5
5
1820
5
5
5
5
1820
5
5
5
5
1820
5
5
5
5
1820
5
5
5
5
1820
5
5
5
5
1820
5
5
5
5
1820
5
5
5
5
2
9
14
1866
10
14
1867
