640
240
39
4169
5
5
5
5
4169
5
5
5
5
4169
5
5
5
5
4169
5
5
5
5
4169
5
5
5
5
4169
5
5
5
5
4169
5
5
5
5
4169
5
5
5
5
4169
5
5
5
5
4169
5
5
5
5
4169
5
5
5
5
4169
5
5
5
5
4169
5
5
5
5
4169
5
5
5
5
4169
5
5
5
5
4169
5
5
5
5
4169
5
5
5
5
4169
5
5
5
5
4169
5
5
5
5
4169
5
5
5
5
4169
5
5
5
5
4169
5
5
5
5
4169
5
5
5
5
4169
5
5
5
5
4169
5
5
5
5
4169
5
5
5
5
4169
5
5
5
5
4169
5
5
5
5
4169
5
5
5
5
4169
5
5
5
5
4169
5
5
5
5
4169
5
5
5
5
4178
5
5
5
5
4174
5
5
5
5
4174
5
5
5
5
4202
5
5
5
5
4203
5
5
5
5
4174
5
5
5
5
4174
5
5
5
5
4174
5
5
5
5
4202
5
5
5
5
4203
5
5
5
5
4174
5
5
5
5
4174
5
5
5
5
4182
5
5
5
5
4169
5
5
5
5
4169
5
5
5
5
4170
5
5
5
5
4179
5
5
5
20
4175
5
20
5
20
4175
5
20
5
20
4175
5
20
5
20
4175
5
20
5
20
4175
5
20
5
20
4175
5
20
5
20
4175
5
20
5
20
4175
5
20
5
20
4175
5
20
5
20
4183
5
20
5
5
4173
5
5
5
5
4169
5
5
5
5
4169
5
5
5
5
4170
5
5
5
5
4171
5
5
20
20
4168
20
20
20
20
4168
20
20
20
20
4168
20
20
20
20
4168
20
20
20
20
4168
20
20
20
20
4168
20
20
20
20
4168
20
20
20
20
4168
20
20
20
20
4168
20
20
20
20
4172
20
20
5
5
4173
5
5
5
5
4169
5
5
5
5
4169
5
5
5
5
4248
5
5
5
5
4251
5
5
5
5
4168
20
20
20
20
2760
21
21
21
21
2763
21
21
21
21
2766
21
21
21
21
4168
20
20
20
20
4168
20
20
20
20
4168
20
20
20
20
4266
16
16
16
16
4168
20
20
20
20
4216
20
20
5
5
4219
5
5
5
5
4169
5
5
5
5
4169
5
5
5
5
4249
5
5
5
5
4252
5
5
5
5
4168
20
20
20
20
2761
21
21
21
21
2764
21
21
21
21
2767
21
21
21
21
4168
20
20
20
20
4168
20
20
20
20
4168
20
20
20
20
4168
20
20
20
20
4168
20
20
20
20
4217
20
20
5
5
4220
5
5
5
5
4169
5
5
5
5
4169
5
5
5
5
4250
5
5
5
5
4253
5
5
5
5
4168
20
20
20
20
2761
21
21
21
21
2764
21
21
21
21
2767
21
21
21
21
4168
20
20
20
20
4168
20
20
20
20
4168
20
20
20
20
4168
20
20
20
20
4168
20
20
20
20
4218
20
20
5
5
4221
5
5
5
5
4169
5
5
5
5
4169
5
5
5
5
4170
5
5
5
5
4171
5
5
20
20
4168
20
20
20
20
2761
21
21
21
21
2764
21
21
21
21
2767
21
21
21
21
4168
20
20
20
20
4234
16
16
16
16
4237
16
16
16
16
4168
20
20
20
20
4168
20
20
20
20
4172
20
20
5
5
4173
5
5
5
5
4169
5
5
5
5
4169
5
5
5
5
4248
5
5
5
5
4251
5
5
5
5
4168
20
20
20
20
2761
21
21
21
21
2764
21
21
21
21
2767
21
21
21
21
4168
20
20
20
20
4235
16
16
16
16
4238
16
16
16
16
4168
20
20
20
20
4168
20
20
20
20
4192
20
20
5
20
4194
5
20
5
20
4169
5
5
5
5
4169
5
5
5
5
4249
5
5
5
5
4252
5
5
5
5
4168
20
20
20
20
2761
21
21
21
21
2764
21
21
21
21
2767
21
21
21
21
4168
20
20
20
20
4236
16
16
16
16
4239
16
16
16
16
4168
20
20
20
20
4168
20
20
20
20
4193
20
20
20
5
4195
20
5
20
5
4169
5
5
5
5
4169
5
5
5
5
4250
5
5
5
5
4253
5
5
5
5
4168
20
20
20
20
2761
21
21
21
21
2764
21
21
21
21
2767
21
21
21
21
4168
20
20
20
20
4168
20
20
20
20
4168
20
20
20
20
4168
20
20
20
20
4168
20
20
20
20
4172
20
20
5
5
4173
5
5
5
5
4169
5
5
5
5
4169
5
5
5
5
4170
5
5
5
5
4171
5
5
20
20
4168
20
20
20
20
2761
21
21
21
21
2764
21
21
21
21
2767
21
21
21
21
4168
20
20
20
20
4168
20
20
20
20
4168
20
20
20
20
4168
20
20
20
20
4168
20
20
20
20
4216
20
20
5
5
4219
5
5
5
5
4169
5
5
5
5
4169
5
5
5
5
4248
5
5
5
5
4251
5
5
5
5
4168
20
20
20
20
2761
21
21
21
21
2764
21
21
21
21
2767
21
21
21
21
4168
20
20
20
20
4168
20
20
20
20
1940
5
19
5
19
1942
5
19
5
5
4168
20
20
20
20
4217
20
20
5
5
4220
5
5
5
5
4169
5
5
5
5
4169
5
5
5
5
4249
5
5
5
5
4252
5
5
5
5
4168
20
20
20
20
2762
21
21
21
21
2765
21
21
21
21
2768
21
21
21
21
4168
20
20
20
20
4168
20
20
20
20
1941
19
5
19
5
1943
19
5
5
5
4168
20
20
20
20
4218
20
20
5
5
4221
5
5
5
5
4169
5
5
5
5
4169
5
5
5
5
4250
5
5
5
5
4253
5
5
5
5
4168
20
20
20
20
4168
20
20
20
20
4168
20
20
20
20
4168
20
20
20
20
4168
20
20
20
20
4168
20
20
20
20
4168
20
20
20
20
4168
20
20
20
20
4168
20
20
20
20
4172
20
20
5
5
4173
5
5
5
5
4169
5
5
5
5
4169
5
5
5
5
4170
5
5
5
5
4180
5
5
20
5
4176
20
5
20
5
4176
20
5
20
5
4176
20
5
20
5
4176
20
5
20
5
4176
20
5
20
5
4176
20
5
20
5
4176
20
5
20
5
4176
20
5
20
5
4176
20
5
20
5
4184
20
5
5
5
4173
5
5
5
5
4169
5
5
5
5
4169
5
5
5
5
4181
5
5
5
5
4177
5
5
5
5
4177
5
5
5
5
4204
5
5
5
5
4205
5
5
5
5
4177
5
5
5
5
4177
5
5
5
5
4177
5
5
5
5
4204
5
5
5
5
4205
5
5
5
5
4177
5
5
5
5
4177
5
5
5
5
4185
5
5
5
5
4169
5
5
5
5
4169
5
5
5
5
4169
5
5
5
5
4169
5
5
5
5
4169
5
5
5
5
4169
5
5
5
5
4169
5
5
5
5
4169
5
5
5
5
4169
5
5
5
5
4169
5
5
5
5
4169
5
5
5
5
4169
5
5
5
5
4169
5
5
5
5
4169
5
5
5
5
4169
5
5
5
5
4169
5
5
5
5
4169
5
5
5
5
4169
5
5
5
5
4169
5
5
5
5
4169
5
5
5
5
4169
5
5
5
5
4169
5
5
5
5
4169
5
5
5
5
4169
5
5
5
5
4169
5
5
5
5
4169
5
5
5
5
4169
5
5
5
5
4169
5
5
5
5
4169
5
5
5
5
4169
5
5
5
5
1820
5
5
5
5
1820
5
5
5
5
1820
5
5
5
5
1820
5
5
5
5
1820
5
5
5
5
1820
5
5
5
5
1820
5
5
5
5
1820
5
5
5
5
1820
5
5
5
5
1820
5
5
5
5
1820
5
5
5
5
1820
5
5
5
5
1820
5
5
5
5
1820
5
5
5
5
1820
5
5
5
5
1820
5
5
5
5
1820
5
5
5
5
1820
5
5
5
5
1820
5
5
5
5
1820
5
5
5
5
1820
5
5
5
5
1820
5
5
5
5
1820
5
5
5
5
1820
5
5
5
5
1820
5
5
5
5
1820
5
5
5
5
1820
5
5
5
5
1820
5
5
5
5
1820
5
5
5
5
1820
5
5
5
5
1820
5
5
5
5
1820
5
5
5
5
1820
5
5
5
5
1820
5
5
5
5
1820
5
5
5
5
1820
5
5
5
5
1820
5
5
5
5
1820
5
5
5
5
1820
5
5
5
5
1820
5
5
5
5
1820
5
5
5
5
1820
5
5
5
5
1820
5
5
5
5
1820
5
5
5
5
1820
5
5
5
5
1820
5
5
5
5
1820
5
5
5
5
1820
5
5
5
5
1820
5
5
5
5
1820
5
5
5
5
1820
5
5
5
5
1820
5
5
5
5
1820
5
5
5
5
1820
5
5
5
5
1820
5
5
5
5
1820
5
5
5
5
1820
5
5
5
5
1820
5
5
5
5
1820
5
5
5
5
1820
5
5
5
5
1820
5
5
5
5
1820
5
5
5
5
1820
5
5
5
5
1820
5
5
5
5
1820
5
5
5
5
1820
5
5
5
5
1820
5
5
5
5
1820
5
5
5
5
1820
5
5
5
5
1820
5
5
5
5
1820
5
5
5
5
1820
5
5
5
5
1820
5
5
5
5
1820
5
5
5
5
1820
5
5
5
5
1820
5
5
5
5
1820
5
5
5
5
1830
5
5
5
5
1826
5
5
5
5
1826
5
5
5
5
1826
5
5
5
5
1826
5
5
5
5
1826
5
5
5
5
1826
5
5
5
5
1826
5
5
5
5
1835
5
5
5
5
1820
5
5
5
5
1820
5
5
5
5
1820
5
5
5
5
1820
5
5
5
5
1820
5
5
5
5
1820
5
5
5
5
1822
5
5
5
5
1831
5
5
5
2
1827
5
2
5
2
1827
5
2
5
2
1827
5
2
5
2
1827
5
2
5
2
1827
5
2
5
2
1834
5
2
5
5
1825
5
5
5
5
1820
5
5
5
5
1820
5
5
5
5
1820
5
5
5
5
1820
5
5
5
5
1830
5
5
5
5
1826
5
5
5
5
1844
5
5
5
5
1823
5
5
2
2
1812
5
5
5
5
282
2
2
2
2
282
2
2
2
2
282
2
2
2
2
282
2
2
2
2
1824
2
2
5
5
1825
5
5
5
5
1820
5
5
5
5
1820
5
5
5
5
1820
5
5
5
5
1820
5
5
5
5
1822
5
5
5
5
1831
5
5
5
2
1827
5
2
5
2
1845
5
2
2
2
282
2
2
2
2
282
2
2
2
2
282
2
2
2
2
282
2
2
2
2
282
2
2
2
2
1824
2
2
5
5
1840
5
5
5
5
1826
5
5
5
5
1835
5
5
5
5
1820
5
5
5
5
1820
5
5
5
5
1912
5
5
5
5
1914
5
5
2
2
282
2
2
2
2
282
2
2
2
2
282
2
2
2
2
282
2
2
2
2
282
2
2
2
2
282
2
2
2
2
282
2
2
2
2
1841
2
2
5
2
1827
5
2
5
2
1834
5
2
5
5
1825
5
5
5
5
1820
5
5
5
5
1820
5
5
5
5
1913
5
5
5
5
1915
5
5
2
2
282
2
2
2
2
282
2
2
2
2
282
2
2
2
2
282
2
2
2
2
282
2
2
2
2
282
2
2
2
2
282
2
2
2
2
282
2
2
2
2
282
2
2
2
2
1824
2
2
5
5
1840
5
5
5
5
1826
5
5
5
5
1835
5
5
5
5
1822
5
5
5
5
1833
5
5
2
5
1828
2
5
2
5
1842
2
5
2
2
282
2
2
2
2
282
2
2
2
2
282
2
2
2
2
282
2
2
2
2
282
2
2
2
2
282
2
2
2
2
282
2
2
2
2
1841
2
2
5
2
1827
5
2
5
2
1834
5
2
5
5
1825
5
5
5
5
1832
5
5
5
5
1829
5
5
5
5
1843
5
5
5
5
1823
5
5
2
2
1812
5
5
5
5
282
2
2
2
2
282
2
2
2
2
282
2
2
2
2
282
2
2
2
2
282
2
2
2
2
282
2
2
2
2
282
2
2
2
2
282
2
2
2
2
1824
2
2
5
5
1825
5
5
5
5
1820
5
5
5
5
1820
5
5
5
5
1822
5
5
5
5
1833
5
5
2
5
1828
2
5
2
5
1828
2
5
2
5
1828
2
5
2
5
1828
2
5
2
5
1842
2
5
2
2
282
2
2
2
2
1936
5
5
5
19
1938
5
19
5
19
282
2
2
2
2
1824
2
2
5
5
1825
5
5
5
5
1820
5
5
5
5
1820
5
5
5
5
1832
5
5
5
5
1829
5
5
5
5
1829
5
5
5
5
1829
5
5
5
5
1829
5
5
5
5
1843
5
5
5
5
1823
5
5
2
2
282
2
2
2
2
1937
5
5
19
5
1939
19
5
19
5
282
2
2
2
2
1824
2
2
5
5
1825
5
5
5
5
1820
5
5
5
5
1820
5
5
5
5
1820
5
5
5
5
1820
5
5
5
5
1820
5
5
5
5
1820
5
5
5
5
1820
5
5
5
5
1822
5
5
5
5
1823
5
5
2
2
282
2
2
2
2
282
2
2
2
2
282
2
2
2
2
282
2
2
2
2
1824
2
2
5
5
1825
5
5
5
5
1820
5
5
5
5
1820
5
5
5
5
1820
5
5
5
5
1820
5
5
5
5
1820
5
5
5
5
1820
5
5
5
5
1820
5
5
5
5
1822
5
5
5
5
1833
5
5
2
5
1828
2
5
2
5
1828
2
5
2
5
1828
2
5
2
5
1828
2
5
2
5
1836
2
5
5
5
1825
5
5
5
5
1820
5
5
5
5
1820
5
5
5
5
1820
5
5
5
5
1820
5
5
5
5
1820
5
5
5
5
1820
5
5
5
5
1820
5
5
5
5
1832
5
5
5
5
1829
5
5
5
5
1829
5
5
5
5
1829
5
5
5
5
1829
5
5
5
5
1829
5
5
5
5
1829
5
5
5
5
1837
5
5
5
5
1820
5
5
5
5
1820
5
5
5
5
1820
5
5
5
5
1820
5
5
5
5
1820
5
5
5
5
1820
5
5
5
5
1820
5
5
5
5
1820
5
5
5
5
1820
5
5
5
5
1820
5
5
5
5
1820
5
5
5
5
1820
5
5
5
5
1820
5
5
5
5
1820
5
5
5
5
1820
5
5
5
5
1820
5
5
5
5
1820
5
5
5
5
1820
5
5
5
5
1820
5
5
5
5
1820
5
5
5
5
1820
5
5
5
5
1820
5
5
5
5
1820
5
5
5
5
1820
5
5
5
5
1820
5
5
5
5
1820
5
5
5
5
1820
5
5
5
5
1820
5
5
5
5
1820
5
5
5
5
1820
5
5
5
5
4
9
14
4196
10
14
4197
29
0
1872
30
0
1873
