320
240
44
4169
5
5
5
5
4169
5
5
5
5
4169
5
5
5
5
4169
5
5
5
5
4169
5
5
5
5
4169
5
5
5
5
4169
5
5
5
5
4169
5
5
5
5
4169
5
5
5
5
4169
5
5
5
5
4169
5
5
5
5
4169
5
5
5
5
4169
5
5
5
5
4169
5
5
5
5
4169
5
5
5
5
4169
5
5
5
5
4169
5
5
5
5
4169
5
5
5
5
4169
5
5
5
5
4169
5
5
5
5
4169
5
5
5
5
4169
5
5
5
5
4169
5
5
5
5
4169
5
5
5
5
4169
5
5
5
5
4169
5
5
5
5
4169
5
5
5
5
4169
5
5
5
5
4169
5
5
5
5
4169
5
5
5
5
4169
5
5
5
5
4169
5
5
5
5
4178
5
5
5
5
4174
5
5
5
5
4174
5
5
5
5
4202
5
5
5
5
4203
5
5
5
5
4174
5
5
5
5
4174
5
5
5
5
4174
5
5
5
5
4202
5
5
5
5
4203
5
5
5
5
4174
5
5
5
5
4174
5
5
5
5
4182
5
5
5
5
4169
5
5
5
5
4169
5
5
5
5
4170
5
5
5
5
4179
5
5
5
20
4175
5
20
5
20
4175
5
20
5
20
4175
5
20
5
20
4175
5
20
5
20
4175
5
20
5
20
4175
5
20
5
20
4175
5
20
5
20
4175
5
20
5
20
4175
5
20
5
20
4183
5
20
5
5
4173
5
5
5
5
4169
5
5
5
5
4169
5
5
5
5
4170
5
5
5
5
4171
5
5
20
20
4168
20
20
20
20
4254
20
20
5
5
4257
5
5
5
5
4168
20
20
20
20
4254
20
20
5
5
4257
5
5
5
5
4168
20
20
20
20
4254
20
20
5
5
4257
5
5
5
5
4172
20
20
5
5
4173
5
5
5
5
4169
5
5
5
5
4169
5
5
5
5
4212
5
5
5
5
4214
5
5
5
5
4168
20
20
20
20
4255
20
20
5
5
4258
5
5
5
5
4168
20
20
20
20
4255
20
20
5
5
4258
5
5
5
5
4168
20
20
20
20
4255
20
20
5
5
4258
5
5
5
5
4216
20
20
5
5
4219
5
5
5
5
4169
5
5
5
5
4169
5
5
5
5
4213
5
5
5
5
4215
5
5
5
5
4168
20
20
20
20
4256
20
20
5
5
4259
5
5
5
5
4168
20
20
20
20
4256
20
20
5
5
4259
5
5
5
5
4168
20
20
20
20
4256
20
20
5
5
4259
5
5
5
5
4217
20
20
5
5
4220
5
5
5
5
4169
5
5
5
5
4169
5
5
5
5
4170
5
5
5
5
4171
5
5
20
20
4168
20
20
20
20
4168
20
20
20
20
4168
20
20
20
20
4168
20
20
20
20
4168
20
20
20
20
4168
20
20
20
20
4168
20
20
20
20
4168
20
20
20
20
4168
20
20
20
20
4218
20
20
5
5
4221
5
5
5
5
4169
5
5
5
5
4169
5
5
5
5
4248
5
5
5
5
4251
5
5
5
5
4168
20
20
20
20
4168
20
20
20
20
4168
20
20
20
20
4168
20
20
20
20
4168
20
20
20
20
4168
20
20
20
20
4168
20
20
20
20
4168
20
20
20
20
4168
20
20
20
20
4172
20
20
5
5
4173
5
5
5
5
4169
5
5
5
5
4169
5
5
5
5
4249
5
5
5
5
4252
5
5
5
5
4168
20
20
20
20
4168
20
20
20
20
4168
20
20
20
20
4168
20
20
20
20
4168
20
20
20
20
4168
20
20
20
20
4168
20
20
20
20
4168
20
20
20
20
4168
20
20
20
20
4192
20
20
5
20
4194
5
20
5
20
4169
5
5
5
5
4169
5
5
5
5
4250
5
5
5
5
4253
5
5
5
5
4168
20
20
20
20
4168
20
20
20
20
4168
20
20
20
20
4168
20
20
20
20
4168
20
20
20
20
4168
20
20
20
20
4168
20
20
20
20
4168
20
20
20
20
4168
20
20
20
20
4193
20
20
20
5
4195
20
5
20
5
4169
5
5
5
5
4169
5
5
5
5
4170
5
5
5
5
4171
5
5
20
20
4168
20
20
20
20
4168
20
20
20
20
4168
20
20
20
20
4168
20
20
20
20
4168
20
20
20
20
4168
20
20
20
20
4168
20
20
20
20
4168
20
20
20
20
4168
20
20
20
20
4172
20
20
5
5
4173
5
5
5
5
4169
5
5
5
5
4169
5
5
5
5
4206
5
5
5
5
4209
5
5
5
5
4168
20
20
20
20
4168
20
20
20
20
4168
20
20
20
20
4168
20
20
20
20
4168
20
20
20
20
4168
20
20
20
20
4168
20
20
20
20
4168
20
20
20
20
4168
20
20
20
20
4216
20
20
5
5
4219
5
5
5
5
4169
5
5
5
5
4169
5
5
5
5
4207
5
5
5
5
4210
5
5
5
5
4168
20
20
20
20
4254
20
20
5
5
4257
5
5
5
5
4168
20
20
20
20
4254
20
20
5
5
4257
5
5
5
5
4168
20
20
20
20
4254
20
20
5
5
4257
5
5
5
5
4217
20
20
5
5
4220
5
5
5
5
4169
5
5
5
5
4169
5
5
5
5
4208
5
5
5
5
4211
5
5
5
5
4168
20
20
20
20
4255
20
20
5
5
4258
5
5
5
5
4168
20
20
20
20
4255
20
20
5
5
4258
5
5
5
5
4168
20
20
20
20
4255
20
20
5
5
4258
5
5
5
5
4218
20
20
5
5
4221
5
5
5
5
4169
5
5
5
5
4169
5
5
5
5
4170
5
5
5
5
4171
5
5
20
20
4168
20
20
20
20
4256
20
20
5
5
4259
5
5
5
5
4168
20
20
20
20
4256
20
20
5
5
4259
5
5
5
5
4168
20
20
20
20
4256
20
20
5
5
4259
5
5
5
5
4172
20
20
5
5
4173
5
5
5
5
4169
5
5
5
5
4169
5
5
5
5
4170
5
5
5
5
4180
5
5
20
5
4176
20
5
20
5
4176
20
5
20
5
4176
20
5
20
5
4176
20
5
20
5
4176
20
5
20
5
4176
20
5
20
5
4176
20
5
20
5
4176
20
5
20
5
4176
20
5
20
5
4184
20
5
5
5
4173
5
5
5
5
4169
5
5
5
5
4169
5
5
5
5
4181
5
5
5
5
4177
5
5
5
5
4177
5
5
5
5
4204
5
5
5
5
4205
5
5
5
5
4177
5
5
5
5
4177
5
5
5
5
4177
5
5
5
5
4204
5
5
5
5
4205
5
5
5
5
4177
5
5
5
5
4177
5
5
5
5
4185
5
5
5
5
4169
5
5
5
5
4169
5
5
5
5
4169
5
5
5
5
4169
5
5
5
5
4169
5
5
5
5
4169
5
5
5
5
4169
5
5
5
5
4169
5
5
5
5
4169
5
5
5
5
4169
5
5
5
5
4169
5
5
5
5
4169
5
5
5
5
4169
5
5
5
5
4169
5
5
5
5
4169
5
5
5
5
4169
5
5
5
5
4169
5
5
5
5
4169
5
5
5
5
4169
5
5
5
5
4169
5
5
5
5
4169
5
5
5
5
4169
5
5
5
5
4169
5
5
5
5
4169
5
5
5
5
4169
5
5
5
5
4169
5
5
5
5
4169
5
5
5
5
4169
5
5
5
5
4169
5
5
5
5
4169
5
5
5
5
2
9
14
4196
10
14
4197
