320
240
43
4169
5
5
5
5
4169
5
5
5
5
4169
5
5
5
5
4169
5
5
5
5
4169
5
5
5
5
4169
5
5
5
5
4169
5
5
5
5
4169
5
5
5
5
4169
5
5
5
5
4169
5
5
5
5
4169
5
5
5
5
4169
5
5
5
5
4169
5
5
5
5
4169
5
5
5
5
4169
5
5
5
5
4169
5
5
5
5
4169
5
5
5
5
4169
5
5
5
5
4169
5
5
5
5
4169
5
5
5
5
4169
5
5
5
5
4169
5
5
5
5
4169
5
5
5
5
4169
5
5
5
5
4169
5
5
5
5
4169
5
5
5
5
4169
5
5
5
5
4169
5
5
5
5
4169
5
5
5
5
4169
5
5
5
5
4169
5
5
5
5
4169
5
5
5
5
4178
5
5
5
5
4174
5
5
5
5
4202
5
5
5
5
4203
5
5
5
5
4174
5
5
5
5
4222
5
5
5
5
4224
5
5
5
5
4226
5
5
5
5
4174
5
5
5
5
4202
5
5
5
5
4203
5
5
5
5
4174
5
5
5
5
4182
5
5
5
5
4169
5
5
5
5
4169
5
5
5
5
4170
5
5
5
5
4179
5
5
5
20
4175
5
20
5
20
4175
5
20
5
20
4175
5
20
5
20
4223
5
20
5
20
4225
5
20
5
20
4227
5
20
5
20
4175
5
20
5
20
4175
5
20
5
20
4175
5
20
5
20
4183
5
20
5
5
4173
5
5
5
5
4169
5
5
5
5
4169
5
5
5
5
4170
5
5
5
5
4171
5
5
20
20
4168
20
20
20
20
4263
20
20
5
5
4260
5
5
5
5
4168
20
20
20
20
4168
20
20
20
20
4168
20
20
20
20
4168
20
20
20
20
4168
20
20
20
20
4168
20
20
20
20
4172
20
20
5
5
4173
5
5
5
5
4169
5
5
5
5
4169
5
5
5
5
4198
5
5
5
5
4171
5
5
20
20
4168
20
20
20
20
4288
20
20
5
5
4261
5
5
5
5
4168
20
20
20
20
2760
21
21
21
21
2763
21
21
21
21
2763
21
21
21
21
2766
21
21
21
21
4168
20
20
20
20
4216
20
20
5
5
4219
5
5
5
5
4169
5
5
5
5
4169
5
5
5
5
4199
5
5
5
5
4171
5
5
20
20
4168
20
20
20
20
4264
20
20
5
5
4261
5
5
5
5
4168
20
20
20
20
2761
21
21
21
21
2764
21
21
21
21
2764
21
21
21
21
2767
21
21
21
21
4168
20
20
20
20
4217
20
20
5
5
4220
5
5
5
5
4169
5
5
5
5
4169
5
5
5
5
4170
5
5
5
5
4171
5
5
20
20
4168
20
20
20
20
4289
20
20
5
5
4261
5
5
5
5
4168
20
20
20
20
2761
21
21
21
21
2764
21
21
21
21
2764
21
21
21
21
2767
21
21
21
21
4168
20
20
20
20
4218
20
20
5
5
4221
5
5
5
5
4169
5
5
5
5
4169
5
5
5
5
4170
5
5
5
5
4171
5
5
20
20
4168
20
20
20
20
4264
20
20
5
5
4261
5
5
5
5
4168
20
20
20
20
2761
21
21
21
21
2764
21
21
21
21
2764
21
21
21
21
2767
21
21
21
21
4168
20
20
20
20
4172
20
20
5
5
4173
5
5
5
5
4169
5
5
5
5
4169
5
5
5
5
4198
5
5
5
5
4171
5
5
20
20
4168
20
20
20
20
4290
20
20
5
5
4261
5
5
5
5
4168
20
20
20
20
2761
21
21
21
21
2764
21
21
21
21
2764
21
21
21
21
2767
21
21
21
21
4168
20
20
20
20
4192
20
20
5
20
4194
5
20
5
20
4169
5
5
5
5
4169
5
5
5
5
4199
5
5
5
5
4171
5
5
20
20
4168
20
20
20
20
4264
20
20
5
5
4261
5
5
5
5
4168
20
20
20
20
2761
21
21
21
21
2764
21
21
21
21
2764
21
21
21
21
2767
21
21
21
21
4168
20
20
20
20
4193
20
20
20
5
4195
20
5
20
5
4169
5
5
5
5
4169
5
5
5
5
4170
5
5
5
5
4171
5
5
20
20
4168
20
20
20
20
4286
20
20
5
5
4261
5
5
5
5
4168
20
20
20
20
2761
21
21
21
21
2764
21
21
21
21
2764
21
21
21
21
2767
21
21
21
21
4168
20
20
20
20
4172
20
20
5
5
4173
5
5
5
5
4169
5
5
5
5
4169
5
5
5
5
4170
5
5
5
5
4171
5
5
20
20
4168
20
20
20
20
4264
20
20
5
5
4261
5
5
5
5
4168
20
20
20
20
2761
21
21
21
21
2764
21
21
21
21
2764
21
21
21
21
2767
21
21
21
21
4168
20
20
20
20
4216
20
20
5
5
4219
5
5
5
5
4169
5
5
5
5
4169
5
5
5
5
4198
5
5
5
5
4171
5
5
20
20
4168
20
20
20
20
4285
20
20
5
5
4261
5
5
5
5
4168
20
20
20
20
2761
21
21
21
21
2764
21
21
21
21
2764
21
21
21
21
2767
21
21
21
21
4168
20
20
20
20
4217
20
20
5
5
4220
5
5
5
5
4169
5
5
5
5
4169
5
5
5
5
4199
5
5
5
5
4171
5
5
20
20
4168
20
20
20
20
4264
20
20
5
5
4261
5
5
5
5
4168
20
20
20
20
2762
21
21
21
21
2765
21
21
21
21
2765
21
21
21
21
2768
21
21
21
21
4168
20
20
20
20
4218
20
20
5
5
4221
5
5
5
5
4169
5
5
5
5
4169
5
5
5
5
4170
5
5
5
5
4171
5
5
20
20
4168
20
20
20
20
4265
20
20
5
5
4262
5
5
5
5
4168
20
20
20
20
4168
20
20
20
20
4168
20
20
20
20
4168
20
20
20
20
4168
20
20
20
20
4168
20
20
20
20
4172
20
20
5
5
4173
5
5
5
5
4169
5
5
5
5
4169
5
5
5
5
4170
5
5
5
5
4180
5
5
20
5
4176
20
5
20
5
4176
20
5
20
5
4176
20
5
20
5
4228
20
5
20
5
4230
20
5
20
5
4232
20
5
20
5
4176
20
5
20
5
4176
20
5
20
5
4176
20
5
20
5
4184
20
5
5
5
4173
5
5
5
5
4169
5
5
5
5
4169
5
5
5
5
4181
5
5
5
5
4177
5
5
5
5
4204
5
5
5
5
4205
5
5
5
5
4177
5
5
5
5
4229
5
5
5
5
4231
5
5
5
5
4233
5
5
5
5
4177
5
5
5
5
4204
5
5
5
5
4205
5
5
5
5
4177
5
5
5
5
4185
5
5
5
5
4169
5
5
5
5
4169
5
5
5
5
4169
5
5
5
5
4169
5
5
5
5
4169
5
5
5
5
4169
5
5
5
5
4169
5
5
5
5
4169
5
5
5
5
4169
5
5
5
5
4169
5
5
5
5
4169
5
5
5
5
4169
5
5
5
5
4169
5
5
5
5
4169
5
5
5
5
4169
5
5
5
5
4169
5
5
5
5
4169
5
5
5
5
4169
5
5
5
5
4169
5
5
5
5
4169
5
5
5
5
4169
5
5
5
5
4169
5
5
5
5
4169
5
5
5
5
4169
5
5
5
5
4169
5
5
5
5
4169
5
5
5
5
4169
5
5
5
5
4169
5
5
5
5
4169
5
5
5
5
4169
5
5
5
5
2
9
14
4196
10
14
4197
