320
240
39
4169
5
5
5
5
4169
5
5
5
5
4169
5
5
5
5
4169
5
5
5
5
4169
5
5
5
5
4169
5
5
5
5
4169
5
5
5
5
4169
5
5
5
5
4169
5
5
5
5
4169
5
5
5
5
4169
5
5
5
5
4169
5
5
5
5
4169
5
5
5
5
4169
5
5
5
5
4169
5
5
5
5
4169
5
5
5
5
4169
5
5
5
5
4169
5
5
5
5
4169
5
5
5
5
4169
5
5
5
5
4169
5
5
5
5
4169
5
5
5
5
4169
5
5
5
5
4169
5
5
5
5
4169
5
5
5
5
4169
5
5
5
5
4169
5
5
5
5
4169
5
5
5
5
4169
5
5
5
5
4169
5
5
5
5
4169
5
5
5
5
4169
5
5
5
5
4178
5
5
5
5
4174
5
5
5
5
4174
5
5
5
5
4174
5
5
5
5
4174
5
5
5
5
4202
5
5
5
5
4203
5
5
5
5
4174
5
5
5
5
4174
5
5
5
5
4174
5
5
5
5
4174
5
5
5
5
4174
5
5
5
5
4182
5
5
5
5
4169
5
5
5
5
4169
5
5
5
5
4170
5
5
5
5
4179
5
5
5
20
4175
5
20
5
20
4175
5
20
5
20
4175
5
20
5
20
4175
5
20
5
20
4175
5
20
5
20
4175
5
20
5
20
4175
5
20
5
20
4175
5
20
5
20
4175
5
20
5
20
4183
5
20
5
5
4173
5
5
5
5
4169
5
5
5
5
4169
5
5
5
5
4170
5
5
5
5
4171
5
5
20
20
1812
5
5
5
5
4168
20
20
20
20
4168
20
20
20
20
4168
20
20
20
20
4168
20
20
20
20
4168
20
20
20
20
4168
20
20
20
20
4168
20
20
20
20
4168
20
20
20
20
4172
20
20
5
5
4173
5
5
5
5
4169
5
5
5
5
4169
5
5
5
5
4170
5
5
5
5
4171
5
5
20
20
4168
20
20
20
20
4168
20
20
20
20
4168
20
20
20
20
4168
20
20
20
20
4168
20
20
20
20
4168
20
20
20
20
4168
20
20
20
20
4168
20
20
20
20
4168
20
20
20
20
4216
20
20
5
5
4219
5
5
5
5
4169
5
5
5
5
4169
5
5
5
5
4170
5
5
5
5
4171
5
5
20
20
4168
20
20
20
20
4168
20
20
20
20
4168
20
20
20
20
4168
20
20
20
20
4168
20
20
20
20
4168
20
20
20
20
4168
20
20
20
20
4168
20
20
20
20
4168
20
20
20
20
4217
20
20
5
5
4220
5
5
5
5
4169
5
5
5
5
4169
5
5
5
5
4170
5
5
5
5
4171
5
5
20
20
4168
20
20
20
20
4168
20
20
20
20
4168
20
20
20
20
4168
20
20
20
20
4168
20
20
20
20
4168
20
20
20
20
4168
20
20
20
20
4168
20
20
20
20
4168
20
20
20
20
4218
20
20
5
5
4221
5
5
5
5
4169
5
5
5
5
4169
5
5
5
5
4170
5
5
5
5
4171
5
5
20
20
4168
20
20
20
20
4168
20
20
20
20
4168
20
20
20
20
4168
20
20
20
20
4168
20
20
20
20
4168
20
20
20
20
4168
20
20
20
20
4168
20
20
20
20
4168
20
20
20
20
4172
20
20
5
5
4173
5
5
5
5
4169
5
5
5
5
4169
5
5
5
5
4198
5
5
5
5
4171
5
5
20
20
4168
20
20
20
20
4168
20
20
20
20
4168
20
20
20
20
4168
20
20
20
20
4168
20
20
20
20
4168
20
20
20
20
4168
20
20
20
20
4168
20
20
20
20
4168
20
20
20
20
4192
20
20
5
20
4194
5
20
5
20
4169
5
5
5
5
4169
5
5
5
5
4199
5
5
5
5
4171
5
5
20
20
4168
20
20
20
20
4168
20
20
20
20
4168
20
20
20
20
4168
20
20
20
20
4168
20
20
20
20
4168
20
20
20
20
4168
20
20
20
20
4168
20
20
20
20
4168
20
20
20
20
4193
20
20
20
5
4195
20
5
20
5
4169
5
5
5
5
4169
5
5
5
5
4170
5
5
5
5
4171
5
5
20
20
4168
20
20
20
20
4168
20
20
20
20
4168
20
20
20
20
4168
20
20
20
20
4168
20
20
20
20
4168
20
20
20
20
4168
20
20
20
20
4168
20
20
20
20
4168
20
20
20
20
4172
20
20
5
5
4173
5
5
5
5
4169
5
5
5
5
4169
5
5
5
5
4170
5
5
5
5
4171
5
5
20
20
4168
20
20
20
20
4168
20
20
20
20
4168
20
20
20
20
4168
20
20
20
20
4168
20
20
20
20
4168
20
20
20
20
4168
20
20
20
20
4168
20
20
20
20
4168
20
20
20
20
4216
20
20
5
5
4219
5
5
5
5
4169
5
5
5
5
4169
5
5
5
5
4170
5
5
5
5
4171
5
5
20
20
4168
20
20
20
20
4168
20
20
20
20
4168
20
20
20
20
4168
20
20
20
20
4168
20
20
20
20
4168
20
20
20
20
4234
16
16
16
16
4246
16
16
20
20
4168
20
20
20
20
4217
20
20
5
5
4220
5
5
5
5
4169
5
5
5
5
4169
5
5
5
5
4170
5
5
5
5
4171
5
5
20
20
4168
20
20
20
20
4168
20
20
20
20
4168
20
20
20
20
4168
20
20
20
20
4168
20
20
20
20
4168
20
20
20
20
4236
16
16
16
16
4247
16
16
20
20
4168
20
20
20
20
4218
20
20
5
5
4221
5
5
5
5
4169
5
5
5
5
4169
5
5
5
5
4170
5
5
5
5
4171
5
5
20
20
1812
5
5
5
5
4168
20
20
20
20
4168
20
20
20
20
4168
20
20
20
20
4168
20
20
20
20
4168
20
20
20
20
4168
20
20
20
20
4168
20
20
20
20
4168
20
20
20
20
4172
20
20
5
5
4173
5
5
5
5
4169
5
5
5
5
4169
5
5
5
5
4170
5
5
5
5
4180
5
5
20
5
4176
20
5
20
5
4176
20
5
20
5
4176
20
5
20
5
4176
20
5
20
5
4176
20
5
20
5
4176
20
5
20
5
4176
20
5
20
5
4176
20
5
20
5
4176
20
5
20
5
4184
20
5
5
5
4173
5
5
5
5
4169
5
5
5
5
4169
5
5
5
5
4181
5
5
5
5
4177
5
5
5
5
4177
5
5
5
5
4177
5
5
5
5
4177
5
5
5
5
4204
5
5
5
5
4205
5
5
5
5
4177
5
5
5
5
4177
5
5
5
5
4177
5
5
5
5
4177
5
5
5
5
4177
5
5
5
5
4185
5
5
5
5
4169
5
5
5
5
4169
5
5
5
5
4169
5
5
5
5
4169
5
5
5
5
4169
5
5
5
5
4169
5
5
5
5
4169
5
5
5
5
4169
5
5
5
5
4169
5
5
5
5
4169
5
5
5
5
4169
5
5
5
5
4169
5
5
5
5
4169
5
5
5
5
4169
5
5
5
5
4169
5
5
5
5
4169
5
5
5
5
4169
5
5
5
5
4169
5
5
5
5
4169
5
5
5
5
4169
5
5
5
5
4169
5
5
5
5
4169
5
5
5
5
4169
5
5
5
5
4169
5
5
5
5
4169
5
5
5
5
4169
5
5
5
5
4169
5
5
5
5
4169
5
5
5
5
4169
5
5
5
5
4169
5
5
5
5
2
9
14
4196
10
14
4197
