640
960
11
75
0
0
0
0
75
0
0
0
0
75
0
0
0
0
76
0
0
0
0
39
0
0
9
9
11
5
5
5
5
12
5
5
5
5
0
0
0
0
0
0
0
0
0
0
0
0
0
0
0
0
0
0
0
0
4
0
0
0
0
0
0
0
0
0
10
0
0
9
9
11
5
5
5
5
372
5
5
5
5
379
7
7
7
7
353
7
7
7
7
328
7
7
7
7
328
7
7
7
7
382
7
7
7
7
373
5
5
8
8
13
5
5
5
5
14
8
8
0
0
0
0
0
0
0
109
0
16
16
16
111
16
16
0
16
0
0
0
0
0
0
0
0
0
0
0
0
0
0
0
4
0
0
0
0
0
0
0
0
0
0
0
0
0
0
0
0
0
0
0
0
0
0
0
0
109
0
16
16
16
111
16
16
0
16
1
0
0
0
0
0
0
0
0
0
0
0
0
0
0
0
0
0
0
0
0
0
0
0
0
0
0
0
0
0
4
0
0
0
0
0
0
0
0
0
0
0
0
0
0
0
0
0
0
16
0
0
16
0
16
101
0
16
0
0
105
0
0
0
0
0
0
0
0
0
0
0
0
0
0
0
0
0
0
0
0
0
0
0
0
0
0
0
0
0
4
0
0
0
0
0
0
0
0
0
0
0
0
0
0
0
0
0
0
0
0
0
0
0
0
117
0
16
16
16
119
16
16
0
16
75
0
0
0
0
75
0
0
0
0
39
0
0
9
9
11
5
5
5
5
12
5
5
5
5
0
0
0
0
0
1
0
0
0
0
0
0
0
0
0
0
0
0
0
0
0
0
0
0
0
0
0
0
0
0
10
0
0
9
9
11
5
5
5
5
372
5
5
5
5
379
7
7
7
7
328
7
7
7
7
328
7
7
7
7
328
7
7
7
7
382
7
7
7
7
373
5
5
8
8
13
5
5
5
5
14
8
8
0
0
4
0
0
0
0
110
16
0
16
16
112
16
16
16
0
0
0
0
0
0
1
0
0
0
0
0
0
0
0
0
0
0
0
0
0
0
0
0
0
0
0
0
0
0
0
4
0
0
0
0
0
0
0
0
0
110
16
0
16
16
112
16
16
16
0
0
0
0
0
0
0
0
0
0
0
0
0
0
0
0
4
0
0
0
0
0
0
0
0
0
0
0
0
0
0
0
0
0
0
0
0
0
0
0
0
0
0
0
0
0
-1
16
16
16
16
-1
16
16
16
16
102
16
16
16
16
106
0
16
0
0
0
0
0
0
0
1
0
0
0
0
0
0
0
0
0
0
0
0
0
0
0
0
0
0
0
0
0
0
0
0
109
0
16
16
16
111
16
16
0
16
0
0
0
0
0
0
0
0
0
0
118
16
0
16
16
120
16
16
16
0
75
0
0
0
0
75
0
0
0
0
39
0
0
9
9
11
5
5
5
5
12
5
5
5
5
0
0
0
0
0
0
0
0
0
0
0
0
0
0
0
0
0
0
0
0
0
0
0
0
0
0
0
0
0
0
63
2
2
2
2
63
2
2
2
2
65
4
19
4
19
67
4
19
7
7
328
7
7
7
7
328
7
7
7
7
328
7
7
7
7
382
7
7
7
7
373
5
5
8
8
1321
5
0
5
5
23
13
5
0
13
17
0
11
0
11
17
0
11
0
11
17
0
11
0
11
17
0
11
0
11
17
0
11
0
11
17
0
11
0
11
17
0
11
0
11
17
0
11
0
11
17
0
11
0
11
17
0
11
0
11
17
0
11
0
11
17
0
11
0
11
17
0
11
0
11
17
0
11
0
11
17
0
11
0
11
17
0
11
0
11
17
0
11
0
11
17
0
11
0
11
24
0
0
0
0
0
0
0
0
0
0
0
0
0
0
0
0
0
0
0
-1
16
16
16
16
-1
16
16
16
16
103
16
16
16
16
107
16
0
0
0
0
0
0
0
0
0
0
0
0
0
109
0
16
16
16
111
16
16
0
16
0
0
0
0
0
0
0
0
0
0
110
16
0
16
16
112
16
16
16
0
0
0
0
0
0
0
0
0
0
0
75
0
0
0
0
75
0
0
0
0
75
0
0
0
0
75
0
0
0
0
39
0
0
9
9
11
5
5
5
5
12
5
5
5
5
109
0
16
16
16
111
16
16
0
16
0
0
0
0
0
0
0
0
0
0
0
0
0
0
0
0
0
0
0
0
64
2
2
2
2
64
2
2
2
2
66
19
4
19
4
70
19
4
7
7
328
7
7
7
7
328
7
7
7
7
356
7
7
7
7
382
7
7
7
7
373
5
5
8
8
1322
0
0
0
0
22
5
0
5
5
18
5
5
5
5
18
5
5
5
5
18
5
5
5
5
18
5
5
5
5
18
5
5
5
5
18
5
5
5
5
18
5
5
5
5
18
5
5
5
5
18
5
5
5
5
18
5
5
5
5
18
5
5
5
5
18
5
5
5
5
18
5
5
5
5
18
5
5
5
5
18
5
5
5
5
18
5
5
5
5
18
5
5
5
5
18
5
5
5
5
23
13
5
0
13
24
0
0
0
0
0
0
0
0
0
0
0
0
0
0
0
0
0
16
0
0
16
0
16
0
104
16
0
0
0
108
0
0
0
0
0
0
0
0
0
0
0
0
0
0
110
16
0
16
16
112
16
16
16
0
0
0
0
0
0
0
0
0
0
0
0
0
0
0
0
0
0
0
0
0
0
0
0
0
0
0
0
0
0
0
76
0
0
0
0
75
0
0
0
0
75
0
0
0
0
75
0
0
0
0
39
0
0
9
9
11
5
5
5
5
12
5
5
5
5
110
16
0
16
16
112
16
16
16
0
0
0
0
0
0
4
0
0
0
0
0
0
0
0
0
7
0
0
0
0
10
0
0
9
9
11
5
5
5
5
372
5
5
5
5
379
7
7
7
7
328
7
7
7
7
328
7
7
7
7
328
7
7
7
7
382
7
7
7
7
373
5
5
8
8
377
0
0
0
0
0
0
0
0
0
0
0
0
0
0
1
0
0
0
0
0
0
0
0
0
0
0
0
0
0
7
0
0
0
0
0
0
0
0
0
0
0
0
0
0
4
0
0
0
0
0
0
0
0
0
0
0
0
0
0
185
5
5
5
5
185
5
5
5
5
185
5
5
5
5
0
0
0
0
0
4
0
0
0
0
0
0
0
0
0
0
0
0
0
0
36
0
0
0
0
13
5
5
5
5
14
8
8
0
0
0
0
0
0
0
0
0
0
0
0
4
0
0
0
0
0
0
0
0
0
0
0
0
0
0
0
0
0
0
0
0
0
0
0
0
0
0
0
0
0
0
0
0
0
0
4
0
0
0
0
0
0
0
0
0
0
0
0
0
0
0
0
0
0
0
0
0
0
0
0
4
0
0
0
0
0
0
0
0
0
75
0
0
0
0
75
0
0
0
0
75
0
0
0
0
75
0
0
0
0
39
0
0
9
9
11
5
5
5
5
12
5
5
5
5
0
0
0
0
0
0
0
0
0
0
30
0
0
0
0
17
0
11
0
11
17
0
11
0
11
17
0
11
0
11
31
0
15
15
5
33
5
5
5
5
415
5
5
5
7
418
7
7
7
7
328
7
7
7
7
328
7
7
7
7
328
7
7
7
7
382
7
7
7
7
400
5
5
8
8
399
0
0
0
0
4
0
0
0
0
0
0
0
0
0
0
0
0
0
0
0
0
0
0
0
0
0
0
0
0
0
0
0
0
0
0
0
0
0
0
0
0
0
0
0
0
0
0
0
16
0
0
16
0
16
101
0
16
0
0
105
0
0
0
0
0
0
0
0
0
0
0
0
0
0
0
0
0
0
0
109
0
16
16
16
111
16
16
0
16
0
0
0
0
0
0
0
0
0
0
22
5
0
5
5
23
13
5
0
13
17
0
11
0
11
17
0
11
0
11
17
0
11
0
11
17
0
11
0
11
17
0
11
0
11
17
0
11
0
11
17
0
11
0
11
17
0
11
0
11
17
0
11
0
11
17
0
11
0
11
17
0
11
0
11
17
0
11
0
11
17
0
11
0
11
17
0
11
0
11
17
0
11
0
11
17
0
11
0
11
75
0
0
0
0
75
0
0
0
0
75
0
0
0
0
75
0
0
0
0
39
0
0
9
9
11
5
5
5
5
12
5
5
5
5
4
0
0
0
0
30
0
0
0
0
31
0
15
15
5
37
5
5
5
5
374
5
5
5
5
374
5
5
5
5
414
5
5
5
5
415
5
5
5
7
418
7
7
7
7
328
7
7
7
7
328
7
7
7
7
328
7
7
7
7
328
7
7
7
7
404
7
7
7
7
401
5
7
5
5
23
13
5
0
13
17
0
11
0
11
17
0
11
0
11
17
0
11
0
11
24
0
0
0
0
0
0
0
0
0
4
0
0
0
0
0
0
0
0
0
0
0
0
0
0
-1
16
16
16
16
-1
16
16
16
16
102
16
16
16
16
106
0
16
0
0
0
0
0
0
0
1
0
0
0
0
0
0
0
0
0
110
16
0
16
16
112
16
16
16
0
0
0
0
0
0
4
0
0
0
0
36
0
0
0
0
22
5
0
5
5
18
5
5
5
5
18
5
5
5
5
18
5
5
5
5
18
5
5
5
5
18
5
5
5
5
18
5
5
5
5
18
5
5
5
5
18
5
5
5
5
18
5
5
5
5
18
5
5
5
5
18
5
5
5
5
18
5
5
5
5
18
5
5
5
5
18
5
5
5
5
18
5
5
5
5
18
5
5
5
5
75
0
0
0
0
76
0
0
0
0
75
0
0
0
0
75
0
0
0
0
39
0
0
9
9
11
5
5
5
5
12
5
5
5
5
30
0
0
0
0
31
0
15
15
5
33
5
5
5
5
415
5
5
5
7
388
7
7
7
7
388
7
7
7
7
388
7
7
7
7
418
7
7
7
7
328
7
7
7
7
328
7
7
7
7
328
7
7
7
7
328
7
7
7
7
328
7
7
7
7
328
7
7
7
7
404
7
7
7
7
401
5
7
5
5
374
5
5
5
5
374
5
5
5
5
374
5
5
5
5
23
13
5
0
13
24
0
0
0
0
0
0
0
0
0
0
0
0
0
0
0
0
0
0
0
-1
16
16
16
16
-1
16
16
16
16
103
16
16
16
16
107
16
0
0
0
0
0
0
0
0
0
0
0
0
0
0
0
0
0
0
0
0
0
0
0
0
0
0
0
0
0
0
0
0
0
0
0
0
0
0
0
0
0
0
0
0
0
0
0
0
0
0
0
0
0
109
0
16
16
16
111
16
16
0
16
0
0
0
0
0
0
0
0
0
0
7
0
0
0
0
0
0
0
0
0
0
0
0
0
0
4
0
0
0
0
0
0
0
0
0
0
0
0
0
0
0
0
0
0
0
0
0
0
0
0
0
0
0
0
0
0
0
0
0
0
0
0
0
0
0
75
0
0
0
0
75
0
0
0
0
75
0
0
0
0
75
0
0
0
0
39
0
0
9
9
11
5
5
5
5
12
5
5
5
5
10
0
0
9
9
11
5
5
5
5
372
5
5
5
5
379
7
7
7
7
328
7
7
7
7
328
7
7
7
7
328
7
7
7
7
328
7
7
7
7
328
7
7
7
7
328
7
7
7
7
328
7
7
7
7
328
7
7
7
7
328
7
7
7
7
356
7
7
7
7
328
7
7
7
7
404
7
7
7
7
388
7
7
7
7
388
7
7
7
7
388
7
7
7
7
401
5
7
5
5
23
13
5
0
13
376
0
0
0
0
0
0
0
0
0
0
0
0
0
0
0
0
0
16
0
0
16
0
16
0
104
16
0
0
0
108
0
0
0
0
0
0
0
0
0
0
0
0
0
0
0
0
0
0
16
0
0
16
0
16
101
0
16
0
0
105
0
0
0
0
0
0
0
0
0
0
0
0
0
0
0
0
0
0
0
4
0
0
0
0
110
16
0
16
16
112
16
16
16
0
0
0
0
0
0
4
0
0
0
0
0
0
0
0
0
0
0
0
0
0
0
0
0
0
0
0
0
0
0
0
0
0
0
0
0
0
0
0
0
0
0
0
0
0
0
4
0
0
0
0
0
0
0
0
0
0
0
0
0
0
0
0
0
0
0
75
0
0
0
0
117
0
16
16
16
119
16
16
0
16
75
0
0
0
0
39
0
0
9
9
11
5
5
5
5
12
5
5
5
5
10
0
0
9
9
11
5
5
5
5
372
5
5
5
5
379
7
7
7
7
328
7
7
7
7
356
7
7
7
7
328
7
7
7
7
328
7
7
7
7
328
7
7
7
7
328
7
7
7
7
328
7
7
7
7
328
7
7
7
7
328
7
7
7
7
328
7
7
7
7
328
7
7
7
7
328
7
7
7
7
328
7
7
7
7
328
7
7
7
7
353
7
7
7
7
382
7
7
7
7
373
5
5
8
8
377
0
0
0
0
0
0
0
0
0
1
0
0
0
0
0
0
0
0
0
0
0
0
0
0
0
0
0
0
0
0
0
0
0
0
4
0
0
0
0
0
0
0
0
0
-1
16
16
16
16
-1
16
16
16
16
102
16
16
16
16
106
0
16
0
0
0
0
0
0
0
0
0
0
0
0
0
0
0
0
0
0
0
0
0
0
0
0
0
0
0
0
0
0
0
0
0
0
0
0
0
0
0
0
0
0
0
0
0
0
0
0
0
0
0
0
0
0
0
0
0
0
0
0
0
0
0
0
0
0
0
0
0
0
0
0
0
0
0
0
0
0
0
0
0
0
0
0
0
0
0
0
0
0
0
0
0
0
0
0
0
75
0
0
0
0
118
16
0
16
16
120
16
16
16
0
75
0
0
0
0
39
0
0
9
9
11
5
5
5
5
12
5
5
5
5
10
0
0
9
9
11
5
5
5
5
372
5
5
5
5
379
7
7
7
7
328
7
7
7
7
328
7
7
7
7
328
7
7
7
7
328
7
7
7
7
353
7
7
7
7
328
7
7
7
7
328
7
7
7
7
328
7
7
7
7
328
7
7
7
7
328
7
7
7
7
328
7
7
7
7
328
7
7
7
7
328
7
7
7
7
328
7
7
7
7
328
7
7
7
7
382
7
7
7
7
373
5
5
8
8
377
0
0
0
0
0
0
0
0
0
0
0
0
0
0
0
0
0
0
0
0
0
0
0
0
0
0
0
0
0
0
0
0
0
0
0
0
0
0
0
0
0
0
0
0
-1
16
16
16
16
-1
16
16
16
16
103
16
16
16
16
107
16
0
0
0
0
0
0
0
0
1
0
0
0
0
0
0
0
0
0
0
0
0
0
0
9
16
16
16
16
0
0
0
0
0
0
0
0
0
0
0
0
0
0
0
0
0
0
0
0
0
0
0
0
0
4
0
0
0
0
0
0
0
0
0
0
0
0
0
0
1
0
0
0
0
0
0
0
0
0
0
0
0
0
0
0
0
0
0
0
0
0
0
0
0
4
0
0
0
0
75
0
0
0
0
75
0
0
0
0
75
0
0
0
0
76
0
0
0
0
39
0
0
9
9
11
5
5
5
5
12
5
5
5
5
29
0
0
0
0
26
14
0
5
14
28
5
5
5
5
407
5
5
7
5
385
7
7
7
7
385
7
7
7
7
385
7
7
7
7
385
7
7
7
7
385
7
7
7
7
385
7
7
7
7
385
7
7
7
7
385
7
7
7
7
385
7
7
7
7
410
7
7
7
7
328
7
7
7
7
353
7
7
7
7
328
7
7
7
7
328
7
7
7
7
328
7
7
7
7
382
7
7
7
7
373
5
5
8
8
377
0
0
0
0
0
0
0
0
0
0
0
0
0
0
109
0
16
16
16
111
16
16
0
16
4
0
0
0
0
0
0
0
0
0
0
0
0
0
0
0
0
0
0
0
0
0
0
16
0
0
16
0
16
0
104
16
0
0
0
108
0
0
0
0
0
0
0
0
0
0
0
0
0
0
0
0
0
0
0
0
0
0
0
0
0
0
0
0
0
0
0
0
0
0
4
0
0
0
0
0
0
0
0
0
35
0
0
0
0
19
0
5
5
5
15
5
5
5
5
15
5
5
5
5
15
5
5
5
5
15
5
5
5
5
15
5
5
5
5
15
5
5
5
5
15
5
5
5
5
15
5
5
5
5
15
5
5
5
5
75
0
0
0
0
75
0
0
0
0
75
0
0
0
0
75
0
0
0
0
39
0
0
9
9
11
5
5
5
5
12
5
5
5
5
0
0
0
0
0
29
0
0
0
0
26
14
0
5
14
38
5
5
5
5
375
5
5
5
5
375
5
5
5
5
375
5
5
5
5
375
5
5
5
5
375
5
5
5
5
375
5
5
5
5
375
5
5
5
5
375
5
5
5
5
413
5
5
5
5
407
5
5
7
5
410
7
7
7
7
328
7
7
7
7
328
7
7
7
7
328
7
7
7
7
328
7
7
7
7
382
7
7
7
7
373
5
5
8
8
377
0
0
0
0
4
0
0
0
0
0
0
0
0
0
110
16
0
16
16
112
16
16
16
0
0
0
0
0
0
0
0
0
0
0
0
0
0
0
0
0
0
0
0
0
0
0
0
0
0
0
0
0
0
0
4
0
0
0
0
0
0
0
0
0
0
0
0
0
0
0
0
0
0
0
0
0
0
0
0
0
0
0
0
16
0
0
16
0
16
101
0
16
0
0
105
0
0
0
0
0
0
0
0
0
19
0
5
5
5
20
5
12
12
0
16
10
0
10
0
16
10
0
10
0
16
10
0
10
0
16
10
0
10
0
16
10
0
10
0
16
10
0
10
0
16
10
0
10
0
16
10
0
10
0
16
10
0
10
0
76
0
0
0
0
75
0
0
0
0
75
0
0
0
0
75
0
0
0
0
39
0
0
9
9
11
5
5
5
5
12
5
5
5
5
0
0
0
0
0
4
0
0
0
0
29
0
0
0
0
16
10
0
10
0
16
10
0
10
0
16
10
0
10
0
16
10
0
10
0
16
10
0
10
0
16
10
0
10
0
16
10
0
10
0
16
10
0
10
0
16
10
0
10
0
26
14
0
5
14
28
5
5
5
5
407
5
5
7
5
410
7
7
7
7
328
7
7
7
7
328
7
7
7
7
328
7
7
7
7
382
7
7
7
7
373
5
5
8
8
377
0
0
0
0
0
0
0
0
0
0
0
0
0
0
0
0
0
0
0
0
0
0
0
0
0
0
0
0
0
0
0
0
0
0
0
0
0
0
0
4
0
0
0
0
0
0
0
0
0
0
0
0
0
0
0
0
0
0
0
0
0
0
0
0
0
0
0
0
0
0
0
0
0
0
0
0
0
0
0
-1
16
16
16
16
-1
16
16
16
16
102
16
16
16
16
106
0
16
0
0
0
0
0
0
0
13
5
5
5
5
14
8
8
0
0
0
0
0
0
0
0
0
0
0
0
4
0
0
0
0
35
0
0
0
0
19
0
5
5
5
15
5
5
5
5
15
5
5
5
5
15
5
5
5
5
15
5
5
5
5
-1
5
5
5
5
-1
5
5
5
5
-1
5
5
5
5
-1
5
5
5
5
-1
5
5
5
5
-1
5
5
5
5
-1
5
5
5
5
-1
5
5
5
5
-1
5
5
5
5
1389
5
5
5
5
1389
0
5
0
5
1390
0
5
0
0
0
0
0
0
0
0
0
0
0
0
0
0
0
0
0
0
0
0
0
0
4
0
0
0
0
0
0
0
0
0
0
0
0
0
0
10
0
0
9
9
11
5
5
5
5
372
5
5
5
5
379
7
7
7
7
328
7
7
7
7
328
7
7
7
7
328
7
7
7
7
382
7
7
7
7
373
5
5
8
8
377
0
0
0
0
0
0
0
0
0
0
0
0
0
0
0
0
0
0
0
0
0
0
0
16
0
0
16
0
16
101
0
16
0
0
105
0
0
0
0
0
0
0
0
0
0
0
0
0
0
0
0
0
0
0
0
0
0
0
0
0
0
0
0
0
4
0
0
0
0
0
0
0
0
0
0
0
0
0
0
-1
16
16
16
16
-1
16
16
16
16
103
16
16
16
16
107
16
0
0
0
0
0
0
0
0
13
5
5
5
5
14
8
8
0
0
109
0
16
16
16
111
16
16
0
16
0
0
0
0
0
19
0
5
5
5
20
5
12
12
0
16
10
0
10
0
16
10
0
10
0
16
10
0
10
0
16
10
0
10
0
-1
5
5
5
5
-1
5
5
5
5
-1
5
5
5
5
-1
5
5
5
5
-1
5
5
5
5
-1
5
5
5
5
-1
5
5
5
5
-1
5
5
5
5
-1
5
5
5
5
-1
5
5
5
5
1396
5
5
5
5
1397
5
5
5
5
0
0
0
0
0
1
0
0
0
0
0
0
0
0
0
0
0
0
0
0
113
4
4
4
4
115
4
4
4
4
0
0
0
0
0
10
0
0
9
9
11
5
5
5
5
372
5
5
5
5
379
7
7
7
7
328
7
7
7
7
328
7
7
7
7
328
7
7
7
7
382
7
7
7
7
373
5
5
8
8
377
0
0
0
0
0
0
0
0
0
4
0
0
0
0
0
0
0
0
0
-1
16
16
16
16
-1
16
16
16
16
102
16
16
16
16
106
0
16
0
0
0
0
0
0
0
0
0
0
0
0
109
0
16
16
16
111
16
16
0
16
0
0
0
0
0
0
0
0
0
0
0
0
0
0
0
0
0
0
0
0
0
0
0
16
0
0
16
0
16
0
104
16
0
0
0
108
0
0
0
0
0
0
0
0
0
13
5
5
5
5
14
8
8
0
0
110
16
0
16
16
112
16
16
16
0
0
0
0
0
0
13
5
5
5
5
14
8
8
0
0
0
0
0
0
0
0
0
0
0
0
0
0
0
0
0
4
0
0
0
0
-1
5
5
5
5
-1
5
5
5
5
-1
5
5
5
5
-1
5
5
5
5
-1
5
5
5
5
-1
5
5
5
5
-1
5
5
5
5
-1
5
5
5
5
-1
5
5
5
5
-1
5
5
5
5
1401
5
5
5
5
1402
5
5
5
5
0
0
0
0
0
0
0
0
0
0
0
0
0
0
0
0
0
0
0
0
114
4
4
4
4
116
4
4
4
4
0
0
0
0
0
10
0
0
9
9
11
5
5
5
5
372
5
5
5
5
379
7
7
7
7
328
7
7
7
7
328
7
7
7
7
328
7
7
7
7
382
7
7
7
7
373
5
5
8
8
377
0
0
0
0
0
0
0
0
0
0
0
0
0
0
0
0
0
0
0
-1
16
16
16
16
-1
16
16
16
16
103
16
16
16
16
107
16
0
0
0
0
0
0
0
0
0
0
0
0
0
110
16
0
16
16
112
16
16
16
0
0
0
0
0
0
0
0
0
0
0
0
0
0
0
0
0
0
0
0
0
0
0
0
0
0
0
0
0
0
0
0
0
0
0
0
0
0
0
0
0
4
0
0
0
0
13
5
5
5
5
14
8
8
0
0
4
0
0
0
0
0
0
0
0
0
0
0
0
0
0
13
5
5
5
5
14
8
8
0
0
1
0
0
0
0
0
0
0
0
0
0
0
0
0
0
0
0
0
0
0
-1
5
5
5
5
-1
5
5
5
5
-1
5
5
5
5
-1
5
5
5
5
-1
5
5
5
5
-1
5
5
5
5
-1
5
5
5
5
-1
5
5
5
5
-1
5
5
5
5
-1
5
5
5
5
1409
5
5
5
5
1410
5
5
0
0
0
0
0
0
0
0
0
0
0
0
0
0
0
0
0
0
0
0
0
0
0
0
0
0
0
0
0
0
0
0
0
0
0
0
0
10
0
0
9
9
11
5
5
5
5
372
5
5
5
5
379
7
7
7
7
328
7
7
7
7
356
7
7
7
7
328
7
7
7
7
382
7
7
7
7
373
5
5
8
8
377
0
0
0
0
0
0
0
0
0
0
0
0
0
0
0
0
0
0
0
0
0
0
16
0
0
16
0
16
0
104
16
0
0
0
108
0
0
0
0
0
0
0
0
0
0
0
0
0
0
4
0
0
0
0
0
0
0
0
0
0
0
0
0
0
0
0
0
0
0
0
0
0
0
0
0
0
0
0
0
1
0
0
0
0
0
0
0
0
0
0
0
0
0
0
0
0
0
0
0
0
0
0
0
0
13
5
5
5
5
14
8
8
0
0
0
0
0
0
0
0
0
0
0
0
0
0
0
0
0
13
5
5
5
5
14
8
8
0
0
0
0
0
0
0
109
0
16
16
16
111
16
16
0
16
0
0
0
0
0
-1
5
5
5
5
-1
5
5
5
5
-1
5
5
5
5
-1
5
5
5
5
-1
5
5
5
5
-1
5
5
5
5
-1
5
5
5
5
-1
5
5
5
5
-1
5
5
5
5
-1
5
5
5
5
1396
5
5
5
5
1397
5
5
5
5
4
0
0
0
0
0
0
0
0
0
9
16
16
16
16
0
0
0
0
0
0
0
0
0
0
0
0
0
0
0
0
0
0
0
0
10
0
0
9
9
11
5
5
5
5
372
5
5
5
5
379
7
7
7
7
328
7
7
7
7
328
7
7
7
7
328
7
7
7
7
382
7
7
7
7
373
5
5
8
8
377
0
0
0
0
0
0
0
0
0
0
0
0
0
0
0
0
0
0
0
0
0
0
0
0
0
0
0
0
0
1
0
0
0
0
0
0
0
0
0
0
0
0
0
0
0
0
0
0
0
0
0
0
0
0
0
0
0
0
0
0
0
0
0
16
0
0
16
0
16
101
0
16
0
0
105
0
0
0
0
0
0
0
0
0
0
0
0
0
0
0
0
0
0
0
0
0
0
0
0
0
0
0
0
0
13
5
5
5
5
14
8
8
0
0
0
0
0
0
0
4
0
0
0
0
0
0
0
0
0
13
5
5
5
5
14
8
8
0
0
0
0
0
0
0
110
16
0
16
16
112
16
16
16
0
0
0
0
0
0
-1
5
5
5
5
-1
5
5
5
5
-1
5
5
5
5
-1
5
5
5
5
-1
5
5
5
5
-1
5
5
5
5
-1
5
5
5
5
-1
5
5
5
5
-1
5
5
5
5
-1
5
5
5
5
1401
5
5
5
5
1402
5
5
5
5
0
0
0
0
0
0
0
0
0
0
0
0
0
0
0
0
0
0
0
0
0
0
0
0
0
0
0
0
0
0
4
0
0
0
0
10
0
0
9
9
11
5
5
5
5
372
5
5
5
5
379
7
7
7
7
328
7
7
7
7
328
7
7
7
7
328
7
7
7
7
382
7
7
7
7
373
5
5
8
8
377
0
0
0
0
4
0
0
0
0
0
0
0
0
0
0
0
0
0
0
0
0
0
0
0
0
0
0
0
0
0
0
0
0
0
0
0
0
0
0
0
0
0
0
0
0
0
0
0
0
0
0
0
0
0
0
0
0
0
0
-1
16
16
16
16
-1
16
16
16
16
102
16
16
16
16
106
0
16
0
0
0
0
0
0
0
0
0
0
0
0
0
0
0
0
0
109
0
16
16
16
111
16
16
0
16
13
5
5
5
5
14
8
8
0
0
0
0
0
0
0
0
0
0
0
0
0
0
0
0
0
13
5
5
5
5
14
8
8
0
0
0
0
0
0
0
0
0
0
0
0
0
0
0
0
0
0
0
0
0
0
-1
5
5
5
5
-1
5
5
5
5
-1
5
5
5
5
-1
5
5
5
5
-1
5
5
5
5
-1
5
5
5
5
-1
5
5
5
5
-1
5
5
5
5
1425
5
5
5
5
1428
5
5
5
5
1431
5
5
5
5
1432
5
5
0
5
0
0
0
0
0
0
0
0
0
0
0
0
0
0
0
0
0
0
0
0
0
0
0
0
0
0
0
0
0
0
0
0
0
0
0
10
0
0
9
9
11
5
5
5
5
372
5
5
5
5
418
7
7
7
7
353
7
7
7
7
328
7
7
7
7
328
7
7
7
7
382
7
7
7
7
373
5
5
8
8
377
0
0
0
0
0
0
0
0
0
0
0
0
0
0
0
0
0
0
0
0
0
0
0
0
0
0
0
0
0
0
0
0
0
0
0
0
0
0
0
0
0
0
0
0
0
0
0
0
0
0
0
0
0
0
0
0
0
0
0
-1
16
16
16
16
-1
16
16
16
16
103
16
16
16
16
107
16
0
0
0
0
0
0
0
0
0
0
0
0
0
0
0
0
0
0
110
16
0
16
16
112
16
16
16
0
13
5
5
5
5
14
8
8
0
0
0
0
0
0
0
109
0
16
16
16
111
16
16
0
16
13
5
5
5
5
14
8
8
0
0
4
0
0
0
0
0
0
0
0
0
0
0
0
0
0
0
0
0
0
0
-1
5
5
5
5
-1
5
5
5
5
-1
5
5
5
5
-1
5
5
5
5
-1
5
5
5
5
-1
5
5
5
5
-1
5
5
5
5
-1
5
5
5
5
1426
19
19
19
19
1429
19
19
19
19
1429
19
19
19
19
1429
19
19
19
19
0
0
0
0
0
0
0
0
0
0
0
0
0
0
0
0
0
0
0
0
4
0
0
0
0
0
0
0
0
0
0
0
0
0
0
10
0
0
9
9
171
5
5
5
5
480
5
5
5
5
328
7
7
7
7
328
7
7
7
7
328
7
7
7
7
328
7
7
7
7
382
7
7
7
7
373
5
5
8
8
377
0
0
0
0
0
0
0
0
16
0
0
16
0
16
101
0
16
0
0
105
0
0
0
0
0
0
0
0
0
0
0
0
0
0
0
0
0
0
0
0
0
0
0
0
4
0
0
0
0
0
0
0
0
0
0
0
0
0
0
0
0
0
16
0
0
16
0
16
0
104
16
0
0
0
108
0
0
0
0
0
0
0
0
0
0
0
0
0
0
4
0
0
0
0
0
0
0
0
0
0
0
0
0
0
13
5
5
5
5
14
8
8
0
0
0
0
0
0
0
110
16
0
16
16
112
16
16
16
0
13
5
5
5
5
14
8
8
0
0
0
0
0
0
0
0
0
0
0
0
4
0
0
0
0
0
0
0
0
0
-1
5
5
5
5
-1
5
5
5
5
-1
5
5
5
5
-1
5
5
5
5
-1
5
5
5
5
-1
5
5
5
5
-1
5
5
5
5
-1
5
5
5
5
1427
5
5
5
5
1430
5
5
5
5
1433
5
5
5
5
1434
5
5
5
0
0
0
0
0
0
0
0
0
0
0
0
0
0
0
0
0
0
0
0
0
0
0
0
0
0
0
0
0
0
0
0
0
0
0
0
10
0
0
9
9
172
5
5
5
5
481
5
5
5
5
328
7
7
7
7
328
7
7
7
7
328
7
7
7
7
328
7
7
7
7
382
7
7
7
7
373
5
5
8
8
377
0
0
0
0
-1
16
16
16
16
-1
16
16
16
16
102
16
16
16
16
106
0
16
0
0
0
0
0
0
0
0
0
0
0
0
0
0
0
0
0
0
0
0
0
0
0
0
0
0
0
0
0
0
0
0
0
0
0
0
0
0
0
0
0
0
0
0
0
0
0
0
0
0
0
0
0
0
0
0
0
0
0
0
0
0
0
0
0
0
0
0
0
0
0
0
0
0
0
0
0
185
5
5
5
5
13
5
5
5
5
14
8
8
0
0
0
0
0
0
0
0
0
0
0
0
1
0
0
0
0
13
5
5
5
5
14
8
8
0
0
109
0
16
16
16
111
16
16
0
16
0
0
0
0
0
0
0
0
0
0
-1
5
5
5
5
-1
5
5
5
5
-1
5
5
5
5
-1
5
5
5
5
-1
5
5
5
5
-1
5
5
5
5
-1
5
5
5
5
-1
5
5
5
5
-1
5
5
5
5
-1
5
5
5
5
1396
5
5
5
5
1397
5
5
5
5
0
0
0
0
0
4
0
0
0
0
0
0
0
0
0
0
0
0
0
0
0
0
0
0
0
0
0
0
0
0
0
0
0
0
0
10
0
0
9
9
11
5
5
5
5
372
5
5
5
5
410
7
7
7
7
328
7
7
7
7
328
7
7
7
7
328
7
7
7
7
382
7
7
7
7
373
5
5
8
8
377
0
0
0
0
-1
16
16
16
16
-1
16
16
16
16
103
16
16
16
16
107
16
0
0
0
4
0
0
0
0
0
0
0
0
0
-1
5
5
5
5
-1
5
5
5
5
-1
5
5
5
5
-1
5
5
5
5
-1
5
5
5
5
1359
5
5
5
5
1367
5
5
0
0
1
0
0
0
0
0
0
0
0
0
0
0
0
0
0
0
0
0
0
0
0
0
0
0
0
0
0
0
0
0
185
5
5
5
5
13
5
5
5
5
14
8
8
0
0
4
0
0
0
0
0
0
0
0
0
0
0
0
0
0
13
5
5
5
5
14
8
8
0
0
110
16
0
16
16
112
16
16
16
0
0
0
0
0
0
0
0
0
0
0
-1
5
5
5
5
-1
5
5
5
5
-1
5
5
5
5
-1
5
5
5
5
-1
5
5
5
5
-1
5
5
5
5
-1
5
5
5
5
-1
5
5
5
5
-1
5
5
5
5
-1
5
5
5
5
1401
5
5
5
5
1402
5
5
5
5
0
0
0
0
0
0
0
0
0
0
0
0
0
0
0
0
0
0
0
0
0
0
0
0
0
0
0
0
0
0
0
0
0
0
0
10
0
0
9
9
11
5
5
5
5
372
5
5
5
5
379
7
7
7
7
328
7
7
7
7
328
7
7
7
7
328
7
7
7
7
382
7
7
7
7
373
5
5
8
8
377
0
0
0
0
0
0
0
16
0
0
16
0
16
0
104
16
0
0
0
108
0
0
0
0
0
0
0
0
0
0
0
0
0
0
-1
5
5
5
5
-1
5
5
5
5
-1
5
5
5
5
-1
5
5
5
5
-1
5
5
5
5
1360
5
5
5
5
1368
5
5
0
0
0
0
0
0
0
0
0
0
0
0
0
0
0
0
0
0
0
0
0
0
109
0
16
16
16
111
16
16
0
16
185
5
5
5
5
13
5
5
5
5
14
8
8
0
0
0
0
0
0
0
0
0
0
0
0
0
0
0
0
0
13
5
5
5
5
14
8
8
0
0
0
0
0
0
0
0
0
0
0
0
0
0
0
0
0
1
0
0
0
0
-1
5
5
5
5
-1
5
5
5
5
-1
5
5
5
5
-1
5
5
5
5
-1
5
5
5
5
-1
5
5
5
5
-1
5
5
5
5
-1
5
5
5
5
-1
5
5
5
5
-1
5
5
5
5
1409
5
5
5
5
1410
5
5
0
0
0
0
0
0
0
109
0
16
16
16
111
16
16
0
16
0
0
0
0
0
0
0
0
0
0
0
0
0
0
0
4
0
0
0
0
10
0
0
9
9
11
5
5
5
5
372
5
5
5
5
379
7
7
7
7
328
7
7
7
7
328
7
7
7
7
328
7
7
7
7
382
7
7
7
7
373
5
5
8
8
377
0
0
0
0
0
0
0
0
0
1
0
0
0
0
0
0
0
0
0
0
0
0
0
0
0
0
0
0
0
-1
0
0
0
0
-1
5
5
5
5
-1
5
5
5
5
-1
5
5
5
5
-1
5
5
5
5
-1
5
5
5
5
1361
5
5
5
5
1369
5
5
5
5
0
0
0
0
0
9
16
16
16
16
0
0
0
0
0
0
0
0
0
0
110
16
0
16
16
112
16
16
16
0
185
5
5
5
5
13
5
5
5
5
14
8
8
0
0
109
0
16
16
16
111
16
16
0
16
0
0
0
0
0
13
5
5
5
5
14
8
8
0
0
0
0
0
0
0
4
0
0
0
0
0
0
0
0
0
0
0
0
0
0
-1
5
5
5
5
-1
5
5
5
5
-1
5
5
5
5
-1
5
5
5
5
-1
5
5
5
5
-1
5
5
5
5
-1
5
5
5
5
-1
5
5
5
5
-1
5
5
5
5
-1
5
5
5
5
1396
5
5
5
5
1397
5
5
5
5
0
0
0
0
0
110
16
0
16
16
112
16
16
16
0
0
0
0
0
0
1213
4
4
4
19
1215
4
19
19
19
0
0
0
0
0
10
0
0
9
9
11
5
5
5
5
372
5
5
5
5
379
7
7
7
7
328
7
7
7
7
328
7
7
7
7
356
7
7
7
7
382
7
7
7
7
373
5
5
8
8
377
0
0
0
0
0
0
0
0
0
0
0
0
0
0
0
0
0
0
0
0
0
0
0
0
0
0
0
0
0
-1
0
0
0
0
-1
5
5
5
5
-1
5
5
5
5
-1
5
5
5
5
-1
5
5
5
5
-1
5
5
5
5
1362
5
5
5
5
1370
19
19
19
19
0
0
0
0
0
0
0
0
0
0
0
0
0
0
0
0
0
0
0
0
0
0
0
0
0
0
0
0
0
0
4
0
0
0
0
13
5
5
5
5
14
8
8
0
0
110
16
0
16
16
112
16
16
16
0
0
0
0
0
0
13
5
5
5
5
14
8
8
0
0
0
0
0
0
0
0
0
0
0
0
0
0
0
0
0
0
0
0
0
0
-1
5
5
5
5
-1
5
5
5
5
-1
5
5
5
5
-1
5
5
5
5
-1
5
5
5
5
-1
5
5
5
5
-1
5
5
5
5
-1
5
5
5
5
-1
5
5
5
5
-1
5
5
5
5
1401
5
5
5
5
1402
5
5
5
5
4
0
0
0
0
0
0
0
0
0
0
0
0
0
0
0
0
0
0
0
1214
4
4
19
4
1216
19
4
19
19
0
0
0
0
0
10
0
0
9
9
11
5
5
5
5
372
5
5
5
5
379
7
7
7
7
328
7
7
7
7
328
7
7
7
7
328
7
7
7
7
382
7
7
7
7
373
5
5
8
8
377
0
0
0
0
0
0
0
0
0
0
0
0
0
0
0
0
0
0
0
0
0
0
0
0
0
0
0
0
0
-1
0
0
0
0
-1
5
5
5
5
-1
5
5
5
5
-1
5
5
5
5
-1
5
5
5
5
-1
5
5
5
5
1363
5
5
5
5
1371
19
19
19
19
0
0
0
0
0
0
0
0
0
0
0
0
0
0
0
0
0
0
0
0
0
0
0
0
0
0
0
0
0
0
0
0
0
0
0
13
5
5
5
5
14
8
8
0
0
0
0
0
0
0
0
0
0
0
0
4
0
0
0
0
13
5
5
5
5
14
8
8
0
0
0
0
0
0
0
0
0
0
0
0
0
0
0
0
0
0
0
0
0
0
-1
5
5
5
5
-1
5
5
5
5
-1
5
5
5
5
-1
5
5
5
5
-1
5
5
5
5
-1
5
5
5
5
-1
5
5
5
5
-1
5
5
5
5
-1
5
5
5
5
1450
5
5
5
5
1450
5
0
5
0
1451
5
0
0
0
0
0
0
0
0
0
0
0
0
0
0
0
0
0
0
1
0
0
0
0
0
0
0
0
0
0
0
0
0
0
0
0
0
0
0
10
0
0
9
9
11
5
5
5
5
372
5
5
5
5
379
7
7
7
7
328
7
7
7
7
328
7
7
7
7
328
7
7
7
7
382
7
7
7
7
373
5
5
8
8
377
0
0
0
0
4
0
0
0
0
0
0
0
0
0
0
0
0
0
0
0
0
0
0
0
0
0
0
0
0
-1
0
0
0
0
-1
5
5
5
5
-1
5
5
5
5
-1
5
5
5
5
-1
5
5
5
5
-1
5
5
5
5
1364
5
5
5
5
1369
5
5
5
5
0
0
0
0
0
0
0
0
0
0
4
0
0
0
0
0
0
0
0
0
0
0
0
0
0
0
0
0
0
0
0
0
0
0
0
13
5
5
5
5
14
8
8
0
0
0
0
0
0
0
0
0
0
0
0
0
0
0
0
0
13
5
5
5
5
14
8
8
0
0
1
0
0
0
0
109
0
16
16
16
111
16
16
0
16
0
0
0
0
0
75
0
0
0
0
75
0
0
0
0
75
0
0
0
0
76
0
0
0
0
39
0
0
9
9
11
5
5
5
5
12
5
5
5
5
1
0
0
0
0
0
0
0
0
0
30
0
0
0
0
17
0
11
0
11
17
0
11
0
11
17
0
11
0
11
17
0
11
0
11
17
0
11
0
11
17
0
11
0
11
17
0
11
0
11
17
0
11
0
11
17
0
11
0
11
31
0
15
15
5
33
5
5
5
5
415
5
5
5
7
418
7
7
7
7
353
7
7
7
7
328
7
7
7
7
328
7
7
7
7
382
7
7
7
7
373
5
5
8
8
377
0
0
0
0
0
0
0
0
0
0
0
0
0
0
0
0
0
0
0
4
0
0
0
0
0
0
0
0
0
0
0
0
0
0
-1
5
5
5
5
-1
5
5
5
5
-1
5
5
5
5
-1
5
5
5
5
-1
5
5
5
5
1365
5
5
5
5
1372
5
5
0
0
0
0
0
0
0
0
0
0
0
0
0
0
0
0
16
0
0
16
0
16
101
0
16
0
0
105
0
0
0
0
0
0
0
0
0
13
5
5
5
5
14
8
8
0
0
0
0
0
0
0
0
0
0
0
0
0
0
0
0
0
13
5
5
5
5
14
8
8
0
0
0
0
0
0
0
110
16
0
16
16
112
16
16
16
0
0
0
0
0
0
76
0
0
0
0
75
0
0
0
0
75
0
0
0
0
75
0
0
0
0
39
0
0
9
9
11
5
5
5
5
12
5
5
5
5
0
0
0
0
0
30
0
0
0
0
31
0
15
15
5
37
5
5
5
5
374
5
5
5
5
374
5
5
5
5
374
5
5
5
5
374
5
5
5
5
374
5
5
5
5
374
5
5
5
5
374
5
5
5
5
374
5
5
5
5
414
5
5
5
5
415
5
5
5
7
418
7
7
7
7
328
7
7
7
7
328
7
7
7
7
328
7
7
7
7
328
7
7
7
7
382
7
7
7
7
373
5
5
8
8
377
0
0
0
0
0
0
0
0
0
109
0
16
16
16
111
16
16
0
16
0
0
0
0
0
0
0
0
0
0
0
0
0
0
0
-1
5
5
5
5
-1
5
5
5
5
-1
5
5
5
5
-1
5
5
5
5
-1
5
5
5
5
1366
5
5
5
5
1373
5
5
0
0
0
0
0
0
0
0
0
0
0
0
-1
16
16
16
16
-1
16
16
16
16
102
16
16
16
16
106
0
16
0
0
1
0
0
0
0
13
5
5
5
5
14
8
8
0
0
0
0
0
0
0
0
0
0
0
0
0
0
0
0
0
22
5
0
5
5
23
13
5
0
13
17
0
11
0
11
17
0
11
0
11
24
0
0
0
0
0
0
0
0
0
75
0
0
0
0
117
0
16
16
16
119
16
16
0
16
75
0
0
0
0
39
0
0
9
9
11
5
5
5
5
12
5
5
5
5
30
0
0
0
0
31
0
15
15
5
33
5
5
5
5
415
5
5
5
7
388
7
7
7
7
388
7
7
7
7
388
7
7
7
7
388
7
7
7
7
388
7
7
7
7
388
7
7
7
7
388
7
7
7
7
388
7
7
7
7
388
7
7
7
7
418
7
7
7
7
328
7
7
7
7
328
7
7
7
7
328
7
7
7
7
328
7
7
7
7
328
7
7
7
7
382
7
7
7
7
373
5
5
8
8
377
0
0
0
0
0
0
0
0
0
110
16
0
16
16
112
16
16
16
0
0
0
0
0
0
1
0
0
0
0
0
0
0
0
0
0
0
0
0
0
0
0
0
0
0
0
0
0
0
0
0
0
0
0
0
0
0
0
0
0
0
0
0
0
0
0
0
0
0
0
0
0
0
0
0
0
0
0
0
0
-1
16
16
16
16
-1
16
16
16
16
103
16
16
16
16
107
16
0
0
0
0
0
0
0
0
13
5
5
5
5
14
8
8
0
0
4
0
0
0
0
0
0
0
0
0
0
0
0
0
0
36
0
0
0
0
22
5
0
5
5
18
5
5
5
5
18
5
5
5
5
23
13
5
0
13
24
0
0
0
0
75
0
0
0
0
118
16
0
16
16
120
16
16
16
0
75
0
0
0
0
39
0
0
9
9
11
5
5
5
5
12
5
5
5
5
10
0
0
9
9
11
5
5
5
5
372
5
5
5
5
379
7
7
7
7
328
7
7
7
7
328
7
7
7
7
328
7
7
7
7
328
7
7
7
7
328
7
7
7
7
328
7
7
7
7
328
7
7
7
7
356
7
7
7
7
328
7
7
7
7
328
7
7
7
7
328
7
7
7
7
328
7
7
7
7
328
7
7
7
7
328
7
7
7
7
328
7
7
7
7
382
7
7
7
7
373
5
5
8
8
377
0
0
0
0
0
0
0
0
0
0
0
0
0
0
0
0
0
0
0
0
0
0
0
0
0
0
0
0
0
0
0
0
0
0
0
0
0
0
0
0
0
0
0
16
0
0
16
0
16
101
0
16
0
0
105
0
0
0
0
0
0
0
0
0
4
0
0
0
0
0
0
0
0
0
0
0
0
0
0
0
0
0
16
0
0
16
0
16
0
104
16
0
0
0
108
0
0
0
0
0
0
0
0
0
13
5
5
5
5
14
8
8
0
0
0
0
0
0
0
0
0
0
0
0
109
0
16
16
16
111
16
16
0
16
0
0
0
0
0
0
0
0
0
0
36
0
0
0
0
13
5
5
5
5
14
8
8
0
0
75
0
0
0
0
75
0
0
0
0
75
0
0
0
0
75
0
0
0
0
39
0
0
9
9
11
5
5
5
5
12
5
5
5
5
10
0
0
9
9
11
5
5
5
5
372
5
5
5
5
379
7
7
7
7
328
7
7
7
7
353
7
7
7
7
328
7
7
7
7
328
7
7
7
7
328
7
7
7
7
328
7
7
7
7
328
7
7
7
7
328
7
7
7
7
328
7
7
7
7
328
7
7
7
7
328
7
7
7
7
328
7
7
7
7
328
7
7
7
7
356
7
7
7
7
328
7
7
7
7
382
7
7
7
7
373
5
5
8
8
377
0
0
0
0
0
0
0
0
0
0
0
0
0
0
0
0
0
0
0
0
0
0
0
0
0
0
0
0
0
0
0
0
0
0
0
0
0
0
0
-1
16
16
16
16
-1
16
16
16
16
102
16
16
16
16
106
0
16
0
0
0
0
0
0
0
0
0
0
0
0
0
0
0
0
0
0
0
0
0
0
0
0
0
0
0
0
0
0
0
0
4
0
0
0
0
0
0
0
0
0
0
0
0
0
0
13
5
5
5
5
14
8
8
0
0
0
0
0
0
0
0
0
0
0
0
110
16
0
16
16
112
16
16
16
0
0
0
0
0
0
0
0
0
0
0
4
0
0
0
0
13
5
5
5
5
14
8
8
0
0
75
0
0
0
0
75
0
0
0
0
75
0
0
0
0
75
0
0
0
0
39
0
0
9
9
11
5
5
5
5
12
5
5
5
5
10
0
0
9
9
11
5
5
5
5
372
5
5
5
5
379
7
7
7
7
328
7
7
7
7
328
7
7
7
7
328
7
7
7
7
356
7
7
7
7
328
7
7
7
7
328
7
7
7
7
328
7
7
7
7
328
7
7
7
7
328
7
7
7
7
353
7
7
7
7
328
7
7
7
7
328
7
7
7
7
328
7
7
7
7
328
7
7
7
7
328
7
7
7
7
382
7
7
7
7
373
5
5
8
8
377
0
0
0
0
4
0
0
0
0
0
0
0
0
0
0
0
0
0
0
0
0
0
0
0
0
0
0
0
0
0
0
0
0
0
0
0
0
0
0
-1
16
16
16
16
-1
16
16
16
16
103
16
16
16
16
107
16
0
0
0
0
0
0
0
0
0
0
0
0
0
109
0
16
16
16
111
16
16
0
16
0
0
0
0
0
0
0
0
0
0
0
0
0
0
0
0
0
0
0
0
0
0
0
0
0
22
5
0
5
5
23
13
5
0
13
17
0
11
0
11
17
0
11
0
11
17
0
11
0
11
17
0
11
0
11
17
0
11
0
11
24
0
0
0
0
0
0
0
0
0
13
5
5
5
5
14
8
8
0
0
75
0
0
0
0
75
0
0
0
0
76
0
0
0
0
75
0
0
0
0
39
0
0
9
9
11
5
5
5
5
12
5
5
5
5
29
0
0
0
0
26
14
0
5
14
28
5
5
5
5
407
5
5
7
5
385
7
7
7
7
385
7
7
7
7
385
7
7
7
7
385
7
7
7
7
385
7
7
7
7
385
7
7
7
7
385
7
7
7
7
385
7
7
7
7
385
7
7
7
7
385
7
7
7
7
385
7
7
7
7
385
7
7
7
7
385
7
7
7
7
385
7
7
7
7
385
7
7
7
7
391
7
5
5
5
20
5
12
12
0
378
0
0
0
0
0
0
0
0
0
0
0
0
0
0
0
0
0
0
0
0
0
0
0
0
4
0
0
0
0
0
0
0
0
0
0
0
0
0
0
0
0
0
16
0
0
16
0
16
0
104
16
0
0
0
108
0
0
0
0
0
0
0
0
0
0
0
0
0
0
110
16
0
16
16
112
16
16
16
0
0
0
0
0
0
0
0
0
0
0
0
0
0
0
0
0
0
0
0
0
4
0
0
0
0
36
0
0
0
0
22
5
0
5
5
18
5
5
5
5
18
5
5
5
5
18
5
5
5
5
18
5
5
5
5
18
5
5
5
5
23
13
5
0
13
24
0
0
0
0
13
5
5
5
5
14
8
8
0
0
75
0
0
0
0
75
0
0
0
0
75
0
0
0
0
75
0
0
0
0
39
0
0
9
9
11
5
5
5
5
12
5
5
5
5
0
0
0
0
0
29
0
0
0
0
26
14
0
5
14
38
5
5
5
5
375
5
5
5
5
375
5
5
5
5
375
5
5
5
5
375
5
5
5
5
375
5
5
5
5
375
5
5
5
5
375
5
5
5
5
375
5
5
5
5
375
5
5
5
5
375
5
5
5
5
375
5
5
5
5
375
5
5
5
5
375
5
5
5
5
375
5
5
5
5
375
5
5
5
5
20
5
12
12
0
21
0
0
0
0
9
16
16
16
16
0
0
0
0
0
0
0
0
0
0
0
0
0
0
0
0
0
0
0
0
0
0
0
0
0
0
0
0
0
0
0
0
0
0
0
0
0
0
0
0
4
0
0
0
0
0
0
0
0
0
0
0
0
0
0
0
0
0
0
0
0
0
0
0
0
0
0
0
0
0
4
0
0
0
0
0
0
0
0
0
7
0
0
0
0
195
0
5
5
5
198
5
5
5
5
198
5
5
5
5
198
5
5
5
5
198
5
5
5
5
198
5
5
5
5
198
5
5
5
5
198
5
5
5
5
198
5
5
5
5
208
5
5
0
5
13
5
5
5
5
14
8
8
0
0
13
5
5
5
5
14
8
8
0
0
75
0
0
0
0
75
0
0
0
0
117
0
16
16
16
119
16
16
0
16
39
0
0
9
9
11
5
5
5
5
12
5
5
5
5
195
0
5
5
5
200
5
5
0
5
29
0
0
0
0
16
10
0
10
0
16
10
0
10
0
16
10
0
10
0
16
10
0
10
0
16
10
0
10
0
16
10
0
10
0
16
10
0
10
0
16
10
0
10
0
16
10
0
10
0
16
10
0
10
0
16
10
0
10
0
16
10
0
10
0
16
10
0
10
0
16
10
0
10
0
16
10
0
10
0
16
10
0
10
0
21
0
0
0
0
0
0
0
0
0
0
0
0
0
0
0
0
0
0
0
0
0
0
0
0
1
0
0
0
0
0
0
0
0
0
0
0
0
0
0
195
0
5
5
5
198
5
5
5
5
198
5
5
5
5
198
5
5
5
5
198
5
5
5
5
198
5
5
5
5
198
5
5
5
5
198
5
5
5
5
198
5
5
5
5
198
5
5
5
5
198
5
5
5
5
198
5
5
5
5
203
5
5
5
5
149
5
16
16
16
151
16
16
5
16
192
5
5
5
5
192
5
5
5
5
192
5
5
5
5
192
5
5
5
5
192
5
5
5
5
194
5
5
5
5
201
5
5
5
5
13
5
5
5
5
14
8
8
0
0
13
5
5
5
5
14
8
8
0
0
75
0
0
0
0
75
0
0
0
0
118
16
0
16
16
120
16
16
16
0
39
0
0
9
9
11
5
5
5
5
12
5
5
5
5
196
5
5
5
5
205
5
5
5
5
198
5
5
5
5
198
5
5
5
5
198
5
5
5
5
198
5
5
5
5
198
5
5
5
5
198
5
5
5
5
198
5
5
5
5
198
5
5
5
5
198
5
5
5
5
198
5
5
5
5
198
5
5
5
5
198
5
5
5
5
198
5
5
5
5
198
5
5
5
5
198
5
5
5
5
198
5
5
5
5
198
5
5
5
5
198
5
5
5
5
200
5
5
0
5
0
0
0
0
0
0
0
0
0
0
0
0
0
0
0
0
0
0
0
0
195
0
5
5
5
198
5
5
5
5
203
5
5
5
5
192
5
5
5
5
192
5
5
5
5
192
5
5
5
5
194
5
5
5
5
192
5
5
5
5
192
5
5
5
5
192
5
5
5
5
192
5
5
5
5
192
5
5
5
5
192
5
5
5
5
192
5
5
5
5
192
5
5
5
5
150
16
5
16
16
152
16
16
16
5
192
5
5
5
5
192
5
5
5
5
192
5
5
5
5
192
5
5
5
5
192
5
5
5
5
192
5
5
5
5
201
5
5
5
5
13
5
5
5
5
14
8
8
0
0
13
5
5
5
5
14
8
8
0
0
75
0
0
0
0
75
0
0
0
0
75
0
0
0
0
75
0
0
0
0
39
0
0
9
9
11
5
5
5
5
12
5
5
5
5
196
5
5
5
5
192
5
5
5
5
192
5
5
5
5
192
5
5
5
5
192
5
5
5
5
192
5
5
5
5
192
5
5
5
5
192
5
5
5
5
192
5
5
5
5
192
5
5
5
5
192
5
5
5
5
192
5
5
5
5
192
5
5
5
5
193
5
5
5
5
192
5
5
5
5
192
5
5
5
5
192
5
5
5
5
192
5
5
5
5
192
5
5
5
5
192
5
5
5
5
201
5
5
5
5
4
0
0
0
0
0
0
0
0
0
0
0
0
0
0
0
0
0
0
0
196
5
5
5
5
194
5
5
5
5
192
5
5
5
5
192
5
5
5
5
192
5
5
5
5
192
5
5
5
5
192
5
5
5
5
192
5
5
5
5
192
5
5
5
5
192
5
5
5
5
192
5
5
5
5
192
5
5
5
5
193
5
5
5
5
192
5
5
5
5
192
5
5
5
5
192
5
5
5
5
192
5
5
5
5
192
5
5
5
5
192
5
5
5
5
192
5
5
5
5
192
5
5
5
5
192
5
5
5
5
192
5
5
5
5
201
5
5
5
5
13
5
5
5
5
14
8
8
0
0
13
5
5
5
5
14
8
8
0
0
304
0
45
89
0
46
93
0
47
97
1
45
90
1
46
94
1
47
98
2
45
91
2
46
95
2
47
99
3
45
92
3
46
96
3
47
100
5
30
89
5
31
93
5
32
97
6
30
90
6
31
94
6
32
98
7
30
91
7
31
95
7
32
99
8
30
92
8
31
96
8
32
100
8
36
89
8
37
93
8
38
97
9
36
90
9
37
94
9
38
98
10
36
91
10
37
95
10
38
99
11
36
92
11
37
96
11
38
100
12
43
89
12
44
93
12
45
97
13
43
90
13
44
94
13
45
98
14
0
1375
14
1
1375
14
2
1375
14
3
1375
14
4
1375
14
5
1375
14
6
1375
14
7
1375
14
8
1375
14
9
1384
14
31
89
14
32
93
14
33
97
14
43
91
14
44
95
14
45
99
15
0
1376
15
1
1376
15
2
1376
15
3
1376
15
4
1379
15
5
1380
15
6
1381
15
7
1382
15
8
1383
15
9
1385
15
31
90
15
32
94
15
33
98
15
43
92
15
44
96
15
45
100
16
0
1380
16
1
1381
16
2
1382
16
3
1383
16
4
1386
16
5
1387
16
6
1388
16
7
1398
16
8
1399
16
9
1400
16
31
91
16
32
95
16
33
99
17
0
1387
17
1
1388
17
2
1391
17
3
1392
17
4
1393
17
5
1394
17
6
1395
17
7
1406
17
8
1407
17
9
1408
17
31
92
17
32
96
17
33
100
18
0
1394
18
1
1395
18
2
1403
18
3
1404
18
4
1405
18
5
1411
18
6
1412
18
7
1413
18
8
1414
18
9
1415
18
39
89
18
40
93
18
41
97
19
0
1411
19
1
1412
19
2
1416
19
3
1417
19
4
1418
19
5
1409
19
6
1419
19
7
1391
19
8
1392
19
9
1420
19
39
90
19
40
94
19
41
98
20
0
1409
20
1
1419
20
2
1391
20
3
1392
20
4
1421
20
5
1409
20
6
1419
20
7
1422
20
39
91
20
40
95
20
41
99
21
0
1409
21
1
1419
21
2
1391
21
3
1392
21
4
1421
21
5
1409
21
6
1419
21
7
1423
21
28
89
21
29
93
21
30
97
21
39
92
21
40
96
21
41
100
22
0
1409
22
1
1419
22
2
1391
22
3
1392
22
4
1421
22
5
1409
22
6
1419
22
7
1424
22
28
90
22
29
94
22
30
98
23
0
1435
23
1
1436
23
2
1403
23
3
1404
23
4
1437
23
5
1409
23
6
1419
23
7
1391
23
8
1392
23
9
1438
23
28
91
23
29
95
23
30
99
23
34
1327
23
35
1335
23
36
1339
23
37
1339
23
38
1339
23
39
1351
24
0
1394
24
1
1395
24
2
1416
24
3
1417
24
4
1439
24
5
1435
24
6
1436
24
7
1398
24
8
1399
24
9
1400
24
28
92
24
29
96
24
30
100
24
34
1328
24
35
1336
24
36
1336
24
37
1336
24
38
1345
24
39
1352
25
0
1440
25
1
1441
25
2
1391
25
3
1392
25
4
1393
25
5
1394
25
6
1395
25
7
1406
25
8
1407
25
9
1408
25
33
1323
25
34
1329
25
35
1329
25
36
1329
25
37
1341
25
38
1346
25
39
1353
26
0
1442
26
1
1443
26
2
1444
26
3
1445
26
4
1446
26
5
1440
26
6
1441
26
7
1413
26
8
1414
26
9
1415
26
33
1324
26
34
1330
26
35
1330
26
36
1330
26
37
1342
26
38
1347
26
39
1354
27
0
1377
27
1
1377
27
2
1377
27
3
1377
27
4
1447
27
5
1442
27
6
1443
27
7
1444
27
8
1445
27
9
1448
27
33
1325
27
34
1331
27
35
1331
27
36
1331
27
37
1343
27
38
1348
27
39
1355
28
0
1378
28
1
1378
28
2
1378
28
3
1378
28
4
1378
28
5
1378
28
6
1378
28
7
1378
28
8
1378
28
9
1449
28
33
1326
28
34
1332
28
35
1332
28
36
1332
28
37
1344
28
38
1349
28
39
1356
29
34
1333
29
35
1337
29
36
1337
29
37
1337
29
38
1350
29
39
1357
29
43
89
29
44
93
29
45
97
30
34
1334
30
35
1338
30
36
1340
30
37
1340
30
38
1340
30
39
1358
30
43
90
30
44
94
30
45
98
31
43
91
31
44
95
31
45
99
32
35
89
32
36
93
32
37
97
32
43
92
32
44
96
32
45
100
33
35
90
33
36
94
33
37
98
34
35
91
34
36
95
34
37
99
35
35
92
35
36
96
35
37
100
